17783 29510 29266 40877 7841 30650 63257 54538 58509 42244 63641 64519 22107 37102 18623 63268 30791 32138 24842 62304 46419 30892 12580 2509 33927 59550 34470 6020 44657 16618 63836 52944 51247 65312 25910 21915 56875 14155 48567 63701 42448 35966
65120 22689 42395 10670 43313 3915 37852 13353 19324 46932 62008 57386 33361 21741 41353 36937 25440 23152 9309 28622 41806 29087 18597 49754 34905 9030 22738 51295 57849 48282 56373 7464 15226 63316 32880 15996 59139 28674 58577 32470 48272 38566
55488 29346 24618 14175 39254 9729 32425 52866 24826 35459 12857 46264 21029 27885 64256 8470 10877 5050 34681 58323 38508 9582 3959 17618 29487 50115 16766 19280 53989 36098 40509 45240 23511 49306 57770 37642 31559 45123 7061 64290 15234 41436
32309 61993 1406 37739 49846 38283 5153 39961 44975 4349 2476 41646 20487 46885 9351 62285 2206 30156 22779 60653 10226 37764 27824 9383 31224 25412 48434 33827 33311 22941 41932 9465 25252 45983 64367 39624 47275 28339 48016 38013 39802 34405
13976 36834 54408 45123 2347 32969 45831 36753 23799 17054 50455 62958 36136 42291 47866 48628 14324 27630 9050 55803 54637 43814 36155 38182 34257 17485 47839 59529 63613 65208 17609 32389 6732 24 3385 20106 25774 4438 4032 45949 29936 6937
28419 55121 59884 34982 8988 23891 30117 31589 928 16559 25121 12293 45735 63604 262 29708 13783 49922 49290 11971 7469 32933 39375 34913 41019 7386 10631 26043 4587 16898 5267 4602 40874 44137 10818 48919 48830 40803 50339 42916 29180 5614
54834 52927 37574 56613 58987 62444 37268 40616 4876 21529 14107 16871 58974 6225 58591 45947 7945 3042 33052 14727 59193 13741 43838 31441 10595 28267 64635 46000 452 54293 49506 38132 36633 29372 34030 40147 3547 39721 54632 63412 34392 29332
4431 37720 57126 58076 53789 30469 65044 62372 60535 1532 42007 61615 27928 31933 16812 7637 28524 55087 13162 52770 22293 42091 5674 63600 54646 17982 49445 62391 40865 42337 47836 36960 797 40291 14888 3688 3202 54246 826 10388 53040 61630
9760 29372 15327 14836 37490 9862 31676 55628 43363 59107 12940 2588 40073 50203 58923 39373 47308 1077 19030 30277 59704 55429 4142 5867 59008 7645 49531 43124 35426 18257 17638 33276 7734 53319 22047 49700 15780 56340 26582 60275 22668 51049
37538 55136 64207 38030 62906 32392 22186 22226 28701 37735 31655 17028 46961 63638 48705 38170 8721 59275 14076 58801 53777 43343 50660 63413 5866 44505 30263 52213 21935 21505 28459 58940 2821 64612 43224 26690 6199 5896 6559 7108 37712 35870
1044 29851 18257 23055 31282 64295 38549 34399 18148 44099 8769 30960 19383 55211 5406 52112 14272 59975 20039 50037 37065 29771 33883 65471 21739 37994 4982 39027 29373 27467 45432 19747 61266 1132 36572 46606 14279 47945 52681 7409 4541 18900
41487 50973 1724 697 15946 56176 60045 61428 47149 38799 30292 46722 11834 45799 41737 64500 48350 22141 16490 3830 27240 2439 5904 9093 16337 9355 61643 21381 41092 64743 27556 44029 24690 13707 29718 29234 3133 25755 57898 17864 35905 6410
44673 38974 58731 56584 1025 23643 13045 24641 26791 33600 42292 19841 36182 38155 65017 24184 9176 9804 6330 2404 33843 61860 12982 64816 42395 7905 3840 42539 58869 42006 17755 62736 41599 9216 2039 21834 18426 51790 6742 21706 27668 53355
45553 33528 7617 15349 61089 50519 51172 35843 8414 22444 29848 53656 50851 43934 45828 31176 25487 26262 33142 39303 33788 34268 46403 20005 29070 3884 53180 23305 23744 38549 24263 38795 33332 61966 9775 49440 19622 18287 34235 18405 53721 48056
875 55952 26225 30729 47256 2356 33494 41825 60458 15578 18950 51472 27466 47494 41411 41619 44517 58845 47739 26380 1708 45410 17676 19258 15014 16885 18749 33939 25981 3405 59857 31697 7414 56380 33 33850 34689 56574 43200 37687 21209 16483
45917 19856 27931 34014 38563 58742 14633 13026 11195 34792 13586 51862 29701 3802 55932 54570 57828 51630 13740 903 62769 42819 48815 22887 59869 38803 32825 2642 30273 17243 34339 15846 31847 45960 10266 55030 39526 32404 41629 33617 6259 19791
41913 23367 25042 59406 52566 45537 13051 5865 29310 13070 64137 27434 54565 34971 27617 24964 48042 31207 3646 44468 12344 50810 38091 14142 50056 14313 36575 26719 17168 11324 37666 24104 10051 28187 31820 10460 54024 63404 54141 37703 16862 11906
27628 53403 38134 22933 27305 38842 1095 6672 49190 23414 10029 37624 20347 39264 44479 2352 43527 58428 26218 47850 19292 17084 36906 54161 2984 16996 33191 57577 46376 7580 54727 33054 30295 36861 6563 54717 63511 17278 13283 51384 31130 48728
243 16220 56929 38373 30190 34352 15065 17672 49803 44120 2322 57567 30628 41990 2980 54499 21545 35630 19046 11782 8139 7420 56313 37634 21236 5786 26652 20641 22373 3498 46961 4708 5151 16792 23871 47115 30323 30890 50808 42917 36194 1315
19567 46922 34567 2881 5034 10924 60602 16952 55687 48494 63431 48710 58532 9495 39082 36768 39966 53100 48116 30269 45297 21124 17452 62490 31918 42626 51044 41253 58808 43767 62254 7679 3407 60046 11877 11080 44429 52524 15116 25176 19592 50075
11605 24107 1431 32880 22219 57909 51209 40806 27083 16741 23086 43425 30550 41547 25505 23498 17097 64299 23637 16593 23558 53965 12427 5872 21513 41777 20675 44322 50014 23124 55022 51933 17645 23174 42262 7244 42107 59002 38907 42752 1586 6361
41514 49525 32710 34205 56591 56951 12433 24750 39841 51003 44047 59179 23609 33903 64279 21939 13332 50152 47801 28148 33763 51633 20815 49225 58654 26990 52632 56288 10418 23511 26892 42740 60812 51327 40894 32394 10434 59062 17475 39974 4526 48569
39703 14803 24475 61506 62762 59137 14775 2406 26121 63555 11135 26577 14613 14487 61515 46723 53987 8599 15181 1385 29896 48920 63045 63045 14317 19956 62282 1583 22615 20275 11224 59146 21496 34048 42328 54698 2292 64656 37393 59524 32975 28210
