 -1.61648228e+00 -5.73886271e-02
 -1.24701364e+00 -1.20315376e+00
 -1.16091806e+00 -8.96032282e-01
 2.58482801e-01 -1.31580612e+00
 -2.03495393e+00 -4.68743332e-01
 -2.20799285e-01 -5.31617321e-01
 -1.15306153e+00 -1.48062795e+00
 -1.87965685e+00 1.76337218e+00
 -1.65202865e+00 -1.05987152e+00
 5.35760500e-01 -1.64669852e+00
 4.79528755e-01 -1.86567042e-01
 -1.01214436e+00 -2.62038005e+00
 2.25811370e-01 -2.59988097e+00
 2.36623742e-01 -4.21175473e-01
 -1.20826418e+00 -2.26105016e+00
 -1.70675688e+00 9.04771040e-01
 -1.51291629e+00 -1.38000370e-01
 -9.77119548e-01 -5.79034600e-01
 -1.06787510e-01 -1.01536960e+00
 -2.34214546e+00 -1.21245096e+00
 -1.84297467e+00 3.52123406e-01
 -5.58422504e-01 -8.46991239e-01
 -9.90292925e-01 5.48002679e-01
 1.26118498e+00 -3.12694526e+00
 -2.81312711e+00 -3.33727987e-01
 -1.07589269e+00 -1.44386738e+00
 -1.26270518e+00 -9.85563319e-01
 -6.92975792e-01 6.25935142e-01
 -2.59679016e+00 -1.68819720e+00
 -2.59303321e+00 -1.35520837e+00
 4.17571979e-01 -1.31343245e+00
 -1.24694627e+00 -6.68879802e-01
 -1.72521277e+00 -2.20412402e+00
 -1.27078339e-01 -3.17550677e+00
 -1.10280597e+00 5.78189008e-02
 -4.39415739e-01 -2.21122484e+00
 -2.22436708e+00 3.90995573e-01
 -1.64954873e+00 -1.67592099e+00
 -1.95837901e+00 -1.86575592e+00
 -2.11133223e+00 -1.00800032e+00
 -3.08486410e+00 -7.38290640e-02
 -4.85150883e-01 -3.40188302e-01
 -1.19911970e+00 -2.82440627e+00
 -9.33753861e-01 -1.33809936e+00
 -1.66966863e+00 -6.15253756e-01
 -9.06556107e-01 5.49114630e-03
 -1.52005704e+00 -3.34144147e+00
 -1.73992032e+00 -1.28557408e+00
 -5.93247555e-01 -1.67003664e+00
 -6.89006818e-01 -2.25958724e+00
 -2.91352960e+00 -8.49312161e-01
 -9.55733503e-01 -2.35102713e+00
 -1.87226571e+00 -1.14806314e+00
 -6.90633627e-01 -2.01903270e-01
 -1.49772652e+00 3.06150261e-01
 -2.08426468e+00 4.16634592e-01
 -1.25948614e-01 -6.85930659e-01
 -1.40323087e+00 -1.41492580e+00
 5.18836097e-03 -6.26030982e-01
 -2.23714268e+00 -1.74238386e+00
 -2.66790668e+00 -1.43995389e+00
 -6.81836461e-01 -1.29608177e+00
 -1.91098125e+00 -1.02577347e+00
 -1.12717633e+00 -9.22699227e-01
 -2.65872430e+00 4.86515106e-01
 -1.47305993e+00 -7.76278768e-01
 -1.53346890e+00 -3.66876939e-01
 -8.92052132e-01 -3.18274086e+00
 1.75529958e-01 -1.91043182e+00
 -8.44492073e-02 -1.76416433e+00
 8.26439561e-01 -1.58407998e+00
 -1.51613322e+00 -2.98834439e-02
 -9.80999801e-01 -1.09961069e+00
 -6.90827443e-01 -1.38829323e+00
 -9.38541157e-01 -2.55507409e+00
 -1.48122470e+00 -1.39396131e+00
 -1.17829503e+00 -8.51022107e-01
 -1.15330834e+00 -7.85601690e-01
 7.30571101e-01 -1.96147047e+00
 -2.26220123e-01 -8.12739528e-01
 -7.00668922e-01 -1.13270818e+00
 1.63502072e+00 -4.72387802e-01
 -2.21694930e+00 -7.73117666e-01
 -7.02269817e-01 -8.65986349e-02
 -1.22055687e+00 -1.91819705e+00
 9.06048890e-01 -5.09323706e-02
 -1.07286365e+00 -1.84792653e+00
 -1.82600827e+00 3.02277528e-01
 1.57828579e-01 1.06015357e+00
 -7.01270522e-01 -1.04298388e+00
 -9.32191247e-01 -1.70679499e+00
 -1.47261571e-01 -7.80731563e-01
 -2.61039849e+00 -1.48462970e+00
 -5.09289000e-01 -2.25770127e+00
 -2.18746210e+00 -8.33180064e-01
 -1.44171614e+00 -2.97157130e-01
 -1.86827435e+00 -5.28585785e-01
 1.41790992e-01 8.29987211e-01
 -2.40411585e+00 -1.17237748e+00
 -5.88659760e-01 -1.59539232e+00
 -5.23498950e-01 -9.30684536e-01
 -3.85764173e-01 -1.13049240e+00
 -3.58394333e-01 6.25483664e-01
 -1.06964253e+00 -1.91975665e+00
 -1.46916629e+00 -7.98476629e-01
 -3.50908022e+00 1.14524135e+00
 -1.76145326e+00 -2.45820196e+00
 -4.60169643e-01 2.12431671e-01
 -1.07195656e+00 -2.14539711e+00
 2.85485383e-01 -6.73699532e-01
 -3.26206404e-01 -1.04958366e+00
 -1.20902750e+00 3.56091013e-01
 -2.09726811e+00 -5.08206556e-03
 -1.07540098e+00 -1.41133935e+00
 -2.13081733e-01 -1.24843914e+00
 -8.70706278e-01 3.53620247e-01
 -2.14994109e+00 -7.36846227e-01
 -2.32079503e+00 -2.00735971e+00
 -3.10154772e+00 -1.41741941e+00
 -9.49880063e-01 -5.33002862e-01
 -9.15246886e-01 -1.07031704e-01
 -1.06864711e+00 -4.22761875e-01
 -2.28412713e+00 -8.36000669e-01
 -7.65276627e-01 -1.79904936e+00
 -1.04883117e+00 -2.24335507e+00
 -7.67912971e-01 -2.94501468e-01
 -1.51281016e-01 -6.86309545e-01
 -2.05564833e+00 -7.44143722e-01
 -5.93755702e-01 4.34798235e-02
 -1.69955658e+00 -7.78644915e-01
 -5.98576749e-01 2.18230751e-02
 7.56318487e-02 -1.89833631e+00
 1.46046196e-02 -9.96318047e-01
 -1.47641417e-01 -1.55213799e-01
 -1.83027492e+00 -2.14755918e+00
 -3.32885126e-01 -1.08837640e+00
 -1.61865067e+00 -1.59784335e+00
 -1.14103806e+00 -1.51524394e+00
 -1.52891310e+00 -2.60633041e-01
 -7.87012293e-01 -2.45147046e+00
 -2.83507964e-01 -1.15628278e+00
 -2.07856211e-01 -6.54148903e-01
 -4.88472176e-01 -1.15736654e+00
 -2.11405473e+00 -9.10300234e-01
 -1.78011872e+00 -2.26312429e+00
 -1.37603298e+00 5.42139838e-01
 -7.92824010e-01 -5.04238478e-01
 -1.53545991e+00 -1.41933257e+00
 -9.57563453e-01 -9.42988491e-02
 -3.73031595e+00 -3.06436377e-01
 9.94692503e-01 -5.96468643e-01
 -1.21095497e+00 -8.49150306e-01
 -1.84640220e+00 -1.74542911e+00
 -8.44032074e-01 -5.34530495e-01
 -1.22503927e+00 -1.54582149e+00
 -6.74615453e-01 5.64130881e-01
 1.69396655e-01 -9.32445776e-01
 -1.71435222e+00 -3.94367994e-01
 -4.26060478e-01 -1.34257256e+00
 -4.35639580e-01 -1.96335947e+00
 -1.42507426e+00 -1.51538262e-01
 -4.34074854e-01 -1.27235596e-01
 -2.66517686e-01 -1.49514343e+00
 -1.50013517e+00 2.04207847e+00
 -9.54160377e-01 -2.13439864e+00
 1.01911268e+00 -9.57003150e-01
 -1.24985438e+00 -1.40066849e+00
 -1.12105845e+00 -3.81966615e-01
 -2.39685550e+00 -2.05644740e+00
 -1.33553993e+00 -2.43827399e+00
 -2.42011800e+00 -1.27896941e+00
 -5.62625133e-01 -7.58902799e-01
 -2.04158258e+00 -1.47469225e+00
 -1.56644339e+00 -7.73348315e-01
 -7.69112686e-02 -7.58019051e-01
 -1.52726304e+00 -7.54257460e-01
 -2.33642875e-01 -8.03586668e-01
 1.11754548e+00 -5.69314104e-01
 -2.00019516e-01 -3.83420883e+00
 -1.43899345e+00 -1.84433347e+00
 -6.44774018e-01 3.11136708e-01
 -9.78084179e-01 -6.71958485e-01
 -1.51465812e+00 -1.76746776e+00
 -1.82982272e+00 -2.01228624e+00
 -1.38597377e+00 -6.72313815e-01
 -2.58291074e-01 4.68216694e-01
 -2.84865914e-01 -1.53918421e-01
 -1.42590196e+00 -2.28761334e+00
 1.23260192e+00 -1.03763845e+00
 -1.78600194e+00 -2.12417796e+00
 3.33150737e-01 -8.49889962e-01
 -6.46253727e-01 -2.28384193e+00
 -7.17520560e-01 -8.40719221e-01
 -1.30225812e-01 -1.16943822e+00
 -2.56870423e+00 -7.49978430e-01
 -1.53786453e+00 -1.49508577e+00
 -1.63323031e+00 5.42315613e-01
 -9.75263501e-01 -5.89373412e-01
 -1.19240578e+00 4.95516371e-01
 -7.32756813e-01 -7.18201225e-01
 -2.57439371e+00 1.61894398e-02
 -1.01361375e+00 -1.13579508e+00
 -2.66755554e+00 -8.80257989e-01
 -2.30273909e+00 -5.46271780e-01
 -1.88215617e+00 -3.28944790e-01
 -1.92916453e+00 -1.49483358e+00
 -2.07502277e+00 -2.18856866e+00
 4.16450085e-01 7.45374310e-01
 -1.44658037e-01 -2.03309772e+00
 -1.66314613e+00 1.56338067e+00
 -6.95695558e-01 -1.08770637e-01
 2.99254041e-01 1.72818499e-01
 -1.73934105e+00 -1.45989735e+00
 -4.69395702e-01 -2.86722996e+00
 1.51530447e-01 -1.93216871e+00
 -1.20521490e+00 -2.36107946e-01
 1.33509329e+00 -3.00121506e+00
 -1.30245781e-01 -2.08412107e+00
 -5.95801744e-01 -9.21616670e-01
 -2.72735313e-01 -1.48723749e+00
 -9.16996972e-01 -6.34710060e-01
 1.19730476e+00 -1.26101797e+00
 -1.51937459e+00 -3.73438541e-01
 -3.45969946e-01 -5.11944135e-01
 -1.13399200e+00 1.95033621e-01
 -4.76214875e-01 -1.18446879e+00
 -3.50500563e-01 -4.10732336e-01
 -4.39588606e-02 5.89787107e-01
 -1.04859707e+00 -3.03474495e+00
 5.77652223e-02 1.43909347e-01
 -5.25746291e-01 -2.28327159e+00
 -2.24516984e+00 -4.15449802e-01
 -6.42646067e-01 -3.42754951e-01
 -5.28855291e-01 -1.65858684e+00
 -5.33920835e-01 1.40538407e-02
 -1.01181229e+00 8.13460907e-01
 -1.11577071e+00 -7.27637447e-01
 1.08132064e+00 -2.49130709e+00
 -8.53887089e-01 8.32965076e-01
 -1.58049909e+00 5.87976808e-01
 -3.36475665e-01 -8.59660312e-01
 -2.35323543e+00 -8.34058151e-01
 -8.38681009e-01 -2.67714606e+00
 8.07955187e-01 -5.08969406e-02
 -8.93877895e-01 -2.64415013e+00
 -2.52272417e+00 2.71993697e-01
 -5.46729101e-01 -1.04286657e+00
 -1.44282664e+00 -1.53335395e+00
 -3.62692385e-01 -1.93134177e+00
 -7.83097161e-01 -1.22301424e+00
 -6.52832461e-01 -1.75147225e+00
 3.23876168e-01 -4.33582580e-01
 -3.30099650e-02 -9.61377752e-01
 -1.46036056e+00 -3.09652915e-01
 -1.39398321e+00 4.64791405e-01
 -4.46589515e-01 -2.16146452e+00
 -8.06930088e-01 -2.15502863e+00
 8.14500526e-02 -1.58137120e+00
 -2.62059304e+00 -2.16610383e+00
 -8.65477728e-01 -6.88022189e-01
 -7.17378721e-01 -7.83096241e-01
 1.24581689e-01 -3.55356216e+00
 1.11580995e+00 -1.41225434e+00
 6.43565586e-01 -6.44914020e-01
 -1.00867792e+00 -1.16264122e+00
 -1.01920907e+00 -2.05854530e+00
 -7.36569587e-01 -2.59717423e+00
 -2.40825750e-01 -3.66407068e+00
 -1.99105516e+00 -3.56078713e+00
 -2.94225779e-01 3.55331412e-01
 6.05351977e-02 -2.06831957e+00
 -1.10070886e+00 -2.16643732e+00
 -1.66281834e+00 -1.29362467e-01
 -9.28724329e-01 6.36971503e-02
 -1.78801139e-01 -5.81924616e-01
 -2.04073270e+00 4.04071227e-01
 -9.88080762e-01 -1.26290097e+00
 -1.16753153e+00 9.16883376e-01
 -2.71523708e-01 2.60471144e-01
 -1.50868984e+00 1.95577145e-01
 -2.96707197e+00 4.12380398e-01
 -2.11943879e+00 -1.14755481e+00
 -1.96873569e+00 -8.73443190e-01
 1.02959577e+00 3.36915902e-01
 -2.47279749e+00 1.24011626e-01
 -1.39275315e+00 -2.42867789e+00
 -7.94295968e-01 -1.24864893e+00
 -3.54164555e-01 -8.75933761e-01
 -6.19101773e-01 7.65497610e-01
 -1.30100632e+00 -8.27321665e-01
 -1.69427391e+00 -1.89920745e+00
 -6.79932113e-01 -1.07627759e+00
 -2.15168806e+00 -1.05918944e+00
 -2.39851207e+00 -1.15359734e+00
 1.11318042e-02 7.57598576e-01
 -2.68492691e-01 -1.77743399e+00
 9.54733933e-01 -1.09362098e-01
 -9.23182199e-01 -5.32736002e-01
 -4.69698593e-01 1.19828900e+00
 -7.83307300e-01 -8.94679847e-01
 -1.52682441e-01 -4.20448638e+00
 -1.76758219e+00 9.46959866e-02
 -1.11529046e+00 -8.20400733e-01
 -1.54041558e+00 -1.08783218e-01
 -2.85287130e+00 -3.38938497e-01
 -2.72538671e+00 1.40250777e+00
 -1.95234476e-02 -1.18577868e+00
 3.02242697e-01 -2.78159220e-01
 -2.30029242e+00 -3.20570516e+00
 -1.80592678e+00 -3.14789757e+00
 -8.30350690e-01 -2.55363513e-01
 -2.12574029e+00 -2.39008500e+00
 -2.30557287e+00 -3.16602710e-01
 -1.16748132e+00 1.61923593e+00
 -5.87146960e-01 -1.36730120e+00
 -1.18629647e+00 -9.39831476e-01
 5.20511626e-01 -1.24145144e+00
 -2.44369246e+00 5.97875273e-02
 -7.25510515e-01 -8.56033045e-01
 -4.31195230e-01 -1.12401874e+00
 -2.23510749e+00 -1.78554270e+00
 -1.15237523e+00 6.90337516e-01
 -7.79705803e-01 -1.25148003e+00
 -3.89585975e-02 -2.41529931e+00
 -1.50001769e+00 -4.35776442e-01
 -8.82371935e-01 5.35691225e-01
 -5.95635989e-02 -1.67433029e+00
 -1.06039352e+00 -1.29690413e+00
 -2.02071287e+00 -9.97374949e-01
 -1.40621161e+00 -1.10794662e+00
 -6.76019849e-01 -1.28422766e-01
 -1.27404565e+00 -1.14453214e+00
 -1.52004641e+00 4.68757556e-02
 7.86513578e-01 -6.50864755e-01
 1.04022478e+00 -2.54044449e+00
 -7.32286986e-01 8.81781428e-01
 -2.28291959e+00 -1.75917910e+00
 8.32970522e-01 -2.17021850e-01
 -2.31509242e-01 2.37247080e-01
 -2.06206382e+00 -1.10978674e+00
 -5.05184608e-01 -3.24718007e-01
 1.65383915e-01 -1.45315227e+00
 -1.46469215e+00 -4.74801165e-01
 -6.25831079e-01 -5.38974441e-01
 4.18515625e-01 -7.58316695e-01
 -2.11162708e+00 7.42510154e-02
 -5.65290249e-01 -5.91775283e-01
 -6.61368006e-01 5.13512681e-01
 -1.48002587e+00 -2.66813716e+00
 1.31781469e-01 -7.24551389e-01
 4.53957928e-01 -9.62828863e-01
 -1.50416642e+00 -4.64988223e-02
 -9.99364999e-01 -1.21809398e+00
 -1.15424931e+00 -7.40816397e-01
 4.91800438e-01 5.87996177e-02
 -2.03993853e+00 -1.17974075e+00
 -2.00129538e+00 1.38177911e+00
 -1.07515705e+00 -1.36683207e+00
 -1.26469059e+00 -1.11046786e+00
 -2.61539233e+00 -9.87361490e-01
 -1.97077852e+00 -1.15019738e+00
 -1.18343221e+00 4.16450371e-02
 -5.14568802e-01 -2.10489157e+00
 -7.50706559e-01 -6.70815977e-01
 -5.92020488e-01 -1.93298222e+00
 -9.02468323e-01 7.27377005e-01
 4.73196029e-01 -5.79114121e-01
 -5.89377467e-01 -4.97020674e-01
 -1.44860969e+00 -2.83956213e-01
 -1.09910554e+00 2.75837650e-01
 -6.70268406e-01 -1.64612559e+00
 -2.08723974e+00 -3.01939739e+00
 -1.12183126e-01 -1.42157765e+00
 -3.44964943e-01 -3.84597113e-01
 -2.09646398e+00 -2.27751676e+00
 -1.37337597e+00 -1.64086944e+00
 -8.34234114e-01 1.46592472e+00
 -3.69082859e-01 -6.82965256e-01
 -9.96823291e-01 -1.36187526e+00
 -1.00259616e-01 -2.04135152e+00
 -2.32857074e+00 2.52377131e-02
 -1.51197835e+00 -1.86347999e+00
 4.82260186e-01 -6.03941415e-01
 -1.51592657e+00 -9.95046267e-01
 -3.03531439e+00 -2.24194360e+00
 1.05879343e-01 -8.43167627e-01
 -6.98981066e-01 -9.11476423e-01
 2.81298375e-01 -8.10791349e-01
 -1.85628554e-01 -1.60501142e-01
 -1.78879136e+00 -3.19180297e+00
 -1.54596656e+00 -2.44442824e+00
 4.14503485e-01 -1.84554761e+00
 -2.11287705e+00 -2.37409386e+00
 -1.18459790e+00 -7.40270061e-01
 2.82034724e-01 -1.75481307e+00
 -2.25531477e+00 -2.38491007e+00
 -1.11490727e+00 1.27434878e-02
 -1.92382918e+00 -2.93673050e-01
 -8.98665961e-01 -7.62404408e-01
 -1.34315618e+00 -9.22419904e-01
 -1.49697555e+00 -1.31076199e+00
 -2.95606787e+00 -1.72823913e+00
 -3.49456373e-01 -1.00365799e+00
 -5.61716154e-01 -9.77752198e-01
 4.32924482e-01 -3.99044613e-01
 -6.93679729e-01 -6.38829735e-01
 -1.50718954e+00 -1.38893390e+00
 -2.93370054e+00 -1.66754423e+00
 -1.10027306e+00 -1.53508742e+00
 -2.84522520e-01 -7.80982127e-01
 6.05810379e-01 -2.27049570e+00
 -1.40763841e+00 -5.59592859e-01
 -9.72941949e-01 -4.60643378e-01
 -6.20491764e-01 -2.30363197e+00
 -9.19564215e-01 -5.85499933e-01
 -2.85067580e-01 2.21311032e-01
 -2.89569178e+00 8.44698362e-01
 -1.14539999e+00 -1.44648957e+00
 -2.64993772e+00 -1.67435600e+00
 7.45990672e-01 2.38318586e-01
 -1.97813064e+00 -1.53147281e+00
 -3.04208915e-01 -1.09910884e+00
 -8.28619272e-01 -6.30480015e-01
 -1.07960824e+00 -3.47682268e+00
 -1.47190258e+00 -1.80031980e+00
 -2.59014076e+00 -8.13210824e-01
 -1.15044116e+00 -1.14503156e+00
 -1.70508512e+00 -1.76944375e+00
 -2.24993918e+00 -2.78770945e+00
 -4.61745505e-01 -3.84312763e-01
 8.53927885e-01 -5.16207829e-01
 7.88001768e-01 9.70113047e-01
 3.20009159e-01 1.00443007e+00
 -3.35802408e+00 -5.53033649e-02
 -9.56126867e-01 -7.45025125e-01
 -3.66440116e+00 -3.62753146e+00
 3.32589988e-01 2.86036412e-01
 -1.64334518e+00 -2.10870163e+00
 -9.27002829e-01 5.56874659e-01
 -3.81673776e+00 -5.30800058e-01
 -2.50523233e+00 1.17468930e-01
 -1.24549627e+00 -1.07346941e+00
 -1.20626959e+00 5.93372795e-02
 -1.86354440e+00 7.28108761e-01
 -1.67831595e+00 1.85559382e-01
 -6.02942977e-01 1.20108451e+00
 -1.22581495e+00 3.22257194e-01
 -3.18889833e-01 -1.82246743e+00
 1.50625719e-01 -1.07204894e+00
 -1.50524932e+00 -2.70083786e-01
 -6.49312413e-01 1.12864557e+00
 -1.09343713e+00 -3.90010730e+00
 -6.50300161e-01 -2.42696309e+00
 -9.26514331e-01 -1.47296166e+00
 -1.30635667e+00 -1.54223678e+00
 -1.50182691e+00 -2.20394619e+00
 -7.23615337e-01 -4.25272389e-01
 8.75942052e-01 -1.88312921e-01
 -7.46478480e-02 7.43980944e-01
 -3.51703795e-01 -2.84942280e-01
 -1.24312815e+00 1.21685148e+00
 -2.82015492e+00 -1.63272910e+00
 1.43328002e+00 -1.48063735e+00
 -2.31599561e+00 -6.12731669e-01
 -7.02602603e-01 -9.14192126e-01
 -1.11499496e+00 -9.10650965e-01
 -5.82660635e-01 -1.05901322e+00
 -2.59399118e+00 -2.37139841e+00
 -1.42680909e+00 -1.07965981e+00
 -1.95702671e+00 -1.82337206e+00
 -1.18646125e+00 -2.42593356e+00
 -6.46156091e-01 -2.28758186e+00
 1.12967328e+00 -1.14001625e+00
 -6.14489331e-01 -3.33590031e-01
 -9.78929659e-02 -1.15266476e-01
 -7.88285972e-01 -3.47196017e-01
 -1.09028019e+00 -1.41961333e+00
 -1.26570820e+00 -1.39621383e+00
 -1.47771046e+00 -4.04250272e-01
 -5.43623952e-01 -5.82970715e-01
 -4.41585291e-01 -1.52581727e+00
 -1.85213526e+00 -2.82378232e-01
 5.49500986e-01 -2.07089114e+00
 -1.18633471e+00 4.12529223e-01
 -2.57877600e-01 -6.23056373e-02
 -4.33953320e-01 -2.19324661e+00
 -1.56842716e+00 4.14236650e-01
 -1.30103484e+00 -1.31569078e+00
 -1.90145438e+00 -7.42985166e-01
 -1.22588121e+00 1.14786074e+00
 -1.32958109e+00 -2.91139457e-01
 -1.57973219e+00 8.24446164e-01
 6.38077952e-01 -1.89116085e+00
 -1.50330127e+00 6.77819000e-01
 -6.91194739e-01 -2.09832536e+00
 -1.57544672e+00 -2.13363433e+00
 -1.68757228e+00 -9.72995984e-01
 -6.07532801e-02 -1.24856937e-01
 -1.70763814e+00 -4.22961754e-01
 -1.56240630e+00 -2.15194168e-01
 -3.83917249e-01 -1.64782922e+00
 5.73310613e-01 -2.83210644e+00
 -1.30178879e+00 5.15596437e-01
 -7.89484655e-01 3.40782724e-01
 2.64326998e-01 -1.67303821e+00
 1.10844400e+00 -2.18758888e-01
 -6.67221466e-01 -1.44644739e+00
 -1.21019027e+00 2.81884733e-01
 -3.71305021e-01 1.48419421e+00
 -8.85379190e-02 -2.21139358e+00
 4.14705606e-01 1.56543910e+00
 -7.90006809e-01 -1.19951466e-01
 5.44106592e-02 -1.67087232e+00
 -3.45447011e-01 5.46749579e-01
 -3.02443843e+00 -1.37566453e+00
 3.31764134e-01 -1.60578124e+00
 -1.65412167e+00 -4.73993047e-01
 -1.06254173e-01 -3.32676398e-01
 4.98891607e-01 -2.13162049e+00
 -1.76116381e+00 -3.89523682e-01
 -2.17284323e+00 -1.79709722e+00
 -4.43349190e-01 -4.27924816e-01
 -1.29322485e+00 -2.17782053e-01
 -1.37709368e+00 1.45922383e+00
 1.16843244e-01 -1.05748247e-01
 -1.95195734e+00 -7.41889556e-01
 9.71242473e-02 -2.19881771e+00
 1.47455182e-01 -1.58658160e+00
 -1.26440032e+00 2.27129868e-01
 -2.05903064e+00 -2.04924465e-01
 -1.67673928e+00 -2.95209339e+00
 -1.66962196e-01 -2.18986252e+00
 -1.20227222e+00 -2.66780556e+00
 -2.33671362e+00 -8.90600663e-01
 -1.33934380e+00 -1.34925222e+00
 -2.41298617e+00 -4.92335527e-01
 -2.70227980e-01 -8.79010192e-01
 -1.44997308e+00 -1.44035771e+00
 -1.80545804e+00 -1.62077886e+00
 -1.11832818e+00 -1.78586818e+00
 -8.57828010e-01 -2.44646850e-01
 -1.68115489e-02 -1.41986538e+00
 8.27853111e-01 -4.68719015e-01
 1.33521109e+00 -2.15684519e+00
 -5.21467777e-01 -6.82570866e-01
 -1.68470980e+00 -1.20251320e+00
 -3.96839576e-01 3.83992257e-01
 -1.03196704e+00 -3.89399387e+00
 -1.05477248e+00 -2.25436957e+00
 -1.25278893e+00 -1.54629468e+00
 2.09929373e-01 -1.06599730e+00
 -6.11769810e-01 2.30812848e-01
 -6.15568103e-01 -2.36192949e+00
 -1.28078802e+00 -1.77351778e+00
 -1.75954935e+00 -9.53488707e-01
 -1.32132762e+00 -1.95833985e-01
 2.82584777e-01 -7.18864862e-01
 -7.15733299e-01 -1.98334631e-01
 9.14987994e-02 -1.65479842e+00
 -5.79846411e-01 -4.76340287e-01
 -4.14709478e-01 9.31564171e-01
 -2.95766830e+00 -1.41896637e-01
 -6.87642260e-01 -1.10873788e+00
 -6.14224432e-01 -1.35301300e+00
 -1.51121189e+00 -2.92280870e+00
 -2.08187358e+00 -8.57169953e-01
 -1.23654397e+00 -2.10385837e+00
 3.26242962e-01 -2.75051287e+00
 -1.54337697e+00 -5.44445425e-01
 -1.68606624e+00 -1.15984050e+00
 -7.69027506e-01 -1.03768169e+00
 -1.25991527e+00 -6.78946609e-01
 -1.65913958e+00 -1.46910622e+00
 -6.62013269e-01 -4.31962672e-01
 -2.27284689e+00 -2.47865566e-01
 -1.13549656e+00 -1.41196619e+00
 -9.57623503e-01 -1.14344967e+00
 -1.23843676e+00 -2.07376632e+00
 -1.71746888e+00 -1.52544679e+00
 -2.70824844e+00 -1.88126891e+00
 -1.22608243e+00 -1.86423399e+00
 -2.42928724e-01 -4.40221376e-01
 -2.10579937e+00 1.06481936e+00
 4.74297944e-01 -1.46680273e+00
 -1.27013956e+00 7.96384862e-01
 -8.11996218e-01 -1.67192353e+00
 -2.93277258e-01 -4.70675212e-01
 -6.28387657e-01 -6.86120232e-01
 -5.53584190e-01 -1.26109687e+00
 -7.04312470e-01 1.41142534e+00
 -2.51755233e+00 -1.41806250e+00
 -2.31752573e+00 -8.69739716e-01
 -8.30560804e-01 -4.17593315e-02
 -1.31233476e-02 -1.33264897e+00
 -2.65421167e-01 -8.37494309e-01
 2.23566707e-02 -1.37282791e+00
 -2.93607302e-01 -1.20768317e+00
 -1.98282437e+00 1.61923114e-01
 -1.96020955e+00 -5.62237954e-01
 1.43809325e+00 -1.42696863e+00
 -1.65936002e+00 -1.47221095e+00
 -1.59617756e+00 -1.76020762e+00
 2.29618514e-01 -2.80090400e+00
 -9.87222380e-01 -1.28398171e-01
 -3.82993383e-01 -1.01748505e+00
 -4.43104818e-01 -1.44738967e+00
 -7.05797101e-02 -3.43634284e-01
 -7.01761976e-01 -1.05430032e+00
 -1.94830215e+00 -5.51892196e-01
 -5.95170253e-02 3.68847125e-02
 -1.21417297e+00 -6.71967031e-01
 -7.91225911e-01 3.62152532e-01
 -1.27651886e+00 -1.23106209e+00
 -1.72747299e+00 -2.10276038e+00
 -1.95217586e+00 -3.04394688e-01
 -2.71493016e+00 4.52455472e-01
 -1.24539501e+00 -8.98187956e-01
 -1.48124282e-02 1.66792340e-02
 -1.66649239e+00 -1.39408318e+00
 -9.15733380e-01 3.46679840e-01
 -7.26038390e-01 3.34116716e-01
 -3.40105282e+00 -1.55303865e+00
 -1.32267460e+00 -1.58372332e+00
 -1.30770647e+00 -2.39498843e+00
 -2.48060852e-01 -1.85014300e+00
 1.81280608e-01 -2.08945939e+00
 -2.87683931e-01 1.11872353e-01
 -7.27161476e-01 -7.68821305e-01
 -1.78293068e+00 -2.65299634e+00
 -8.07536640e-01 -1.45370697e+00
 -2.57725958e+00 -1.37369882e+00
 -9.13740234e-01 -1.79575507e+00
 -1.75961400e+00 -1.99795316e+00
 -6.09850323e-01 -1.24856453e+00
 -2.41113658e+00 -6.66459059e-01
 -1.82382548e+00 -1.31219517e+00
 -4.91281992e-01 -7.40010980e-01
 -1.21058545e+00 -2.44651517e+00
 -1.62299095e+00 -4.44322367e-01
 -1.42324868e+00 -1.04733825e+00
 -9.76025406e-01 -5.66516149e-01
 2.82659083e-01 -6.99176159e-01
 2.78997681e-01 -2.33444549e+00
 -4.75853780e-01 1.30452033e+00
 1.03431382e+00 -5.53208919e-01
 -4.83818118e-01 -9.53930239e-01
 2.25552159e-01 -9.29310950e-01
 -3.80552110e+00 -1.39156587e+00
 -1.53846114e+00 -5.19999106e-01
 -6.20078851e-01 -3.84202474e-01
 -9.64580422e-01 -8.87856932e-01
 2.65418379e-01 -1.45657759e+00
 -1.02350957e+00 -1.69098663e+00
 1.88151262e+00 -1.06968654e+00
 -3.30717193e+00 -4.14351448e-01
 -8.07504743e-01 -3.59649370e-01
 6.51645066e-01 -3.16282170e-01
 -1.02925081e+00 -1.63719070e+00
 -1.47139988e+00 -8.67717573e-01
 -1.65198081e+00 8.11184017e-02
 -3.73859641e-01 1.66244381e-01
 -3.05775264e-01 2.04112508e-02
 -1.94341677e-01 -6.05298235e-01
 -2.69426646e-01 -4.94363294e-01
 -9.61738455e-02 3.18106076e-01
 -1.67380809e+00 -5.37912650e-01
 2.13605966e+00 -7.10627851e-01
 -1.50771677e+00 -1.03320877e+00
 -1.31922544e+00 -1.68840686e+00
 -3.01068987e+00 -1.30390682e+00
 -1.15323975e+00 -3.78583329e-01
 -5.18478322e-01 -1.72359073e+00
 -2.27894207e-01 -2.30536310e+00
 2.07934551e-02 -9.66432954e-01
 -1.16169185e+00 -2.43636758e+00
 -3.55876558e+00 2.44736939e-02
 -1.40436176e+00 -1.51375752e+00
 -1.85074720e+00 -1.63433060e+00
 -6.62444241e-01 1.09774978e-01
 -1.50587325e+00 1.46247104e-01
 -5.20829653e-01 -6.73542744e-01
 -9.42289121e-01 -1.52841407e+00
 -1.45966008e+00 -2.42300619e+00
 2.39912297e-01 -8.07036363e-01
 -2.61729665e-01 -1.90797121e+00
 -1.03447991e-01 -2.79374441e+00
 8.98344906e-01 6.11516769e-01
 -2.29993626e+00 -9.69652933e-01
 7.73231620e-03 -5.90087586e-01
 -3.33412737e-01 -6.56297005e-01
 -3.07939694e+00 -3.20338837e+00
 -2.20104301e-01 -2.62555821e-01
 -1.07815230e-01 -3.22899111e+00
 -2.86245779e+00 -2.24855436e+00
 -1.47557249e+00 1.85090966e-01
 -2.06683555e+00 9.02937050e-03
 -3.24319559e+00 5.06006858e-01
 -3.05706643e+00 -1.43902148e+00
 -1.08847964e+00 -7.23901528e-01
 -1.41442292e+00 -8.22733245e-01
 -1.72878380e+00 -1.93651726e+00
 -2.46851607e+00 -1.31927423e+00
 -1.64225769e-01 -3.38333016e+00
 -2.68774856e+00 -2.65316451e-01
 1.11076721e+00 -8.51812889e-01
 -1.26697670e+00 -2.03480773e+00
 -5.34973325e-01 -2.05419159e+00
 1.08715210e+00 -7.29783648e-01
 -8.91363079e-01 -1.47017732e+00
 -2.48409798e+00 -1.32719051e+00
 -1.09220481e-02 -7.23617872e-01
 -1.42784474e+00 -2.28234909e-01
 -1.41595471e+00 -3.94450363e-01
 -2.45241940e+00 -1.81882128e+00
 -4.41491204e-01 -1.59296159e+00
 -1.79313663e+00 -4.14219893e-01
 -1.43760119e+00 -2.10531071e+00
 -2.03392988e+00 -1.70659070e+00
 -9.34315464e-01 -1.33629724e+00
 -9.03243045e-01 -2.15482009e+00
 -1.70862814e+00 -1.65292024e+00
 -8.86643201e-01 -1.94092241e+00
 -1.07815555e+00 -1.24313005e+00
 -1.53354422e+00 -8.75674480e-01
 -1.53633293e+00 -1.41287842e+00
 -1.57876420e+00 -8.98563662e-01
 -1.21092305e+00 -3.87159345e-01
 -4.11272650e-02 2.01139248e-02
 4.44545690e-01 -4.44233399e+00
 -2.47366640e+00 -1.36574004e+00
 -1.54394336e+00 7.07984593e-01
 -1.41836043e+00 -8.69530396e-01
 -8.76985784e-02 -7.10121833e-01
 -7.30587771e-01 9.63213563e-01
 -1.34903300e+00 -1.72276908e+00
 -1.26730583e+00 -1.73919007e+00
 -2.01721353e+00 -1.36225332e+00
 -7.36623366e-01 -6.53262263e-01
 -6.60374545e-01 1.26557758e-01
 -6.86348985e-01 5.87654685e-01
 -1.53534967e+00 1.26506117e+00
 -1.63776792e+00 -1.61390126e-01
 -6.92911995e-01 7.23526311e-03
 -2.50748933e+00 -6.68163130e-01
 3.22895509e-01 -1.38918252e+00
 -8.44025622e-01 -7.06809355e-01
 -6.49942010e-01 7.73222600e-01
 -9.87390244e-01 -1.00352714e+00
 -2.73332730e+00 -1.00711718e+00
 -7.76289094e-01 -1.82100121e+00
 -8.06653775e-01 -1.18703957e+00
 -3.13371681e-01 -2.17823462e+00
 -1.17127621e+00 -1.55827407e+00
 -9.98460346e-01 -1.66835439e-01
 -1.54770396e+00 -8.60126313e-01
 -1.10488420e+00 -1.21726184e+00
 -1.49159433e+00 -1.07688125e+00
 -1.58657296e+00 -1.41256233e+00
 -1.46690563e+00 -1.43912905e+00
 -1.38230484e+00 -1.92029656e+00
 -2.11030985e+00 -2.37375995e+00
 -1.63653816e+00 -1.06265754e+00
 -2.94830075e+00 -7.95756669e-01
 -1.31878514e+00 -2.51184093e+00
 -1.03634868e+00 -1.32625769e+00
 -1.74136441e+00 -4.08544069e-01
 -1.17609372e+00 -1.22776546e+00
 -1.75707083e+00 -8.48999966e-01
 -1.23481670e-01 -8.49918024e-01
 -1.74020815e+00 -1.43081484e+00
 -7.64327685e-01 3.87367488e-02
 -6.12765656e-01 -1.40350291e+00
 -1.17326613e+00 -1.18362462e+00
 3.10680672e-01 -3.01545183e+00
 -2.21761387e+00 -1.44772381e+00
 -1.59055780e+00 1.42215334e-01
 -3.01161545e-01 -1.89754738e+00
 -3.03168816e+00 -1.72363085e+00
 -2.15958315e+00 -1.33882731e+00
 -2.16841664e+00 -5.01228637e-01
 -1.45771428e+00 -6.80912565e-01
 2.95038235e-01 -2.33519560e+00
 -2.66349794e-01 -1.46198365e+00
 3.68967792e-01 6.38287712e-02
 -2.63182145e+00 -1.26963634e-01
 -1.37095558e+00 -1.49763831e+00
 -3.04632398e-01 -1.27786374e+00
 1.35908056e-01 -1.24263360e+00
 -1.37115429e+00 3.59617475e-01
 -2.24858327e+00 -1.15161897e+00
 1.94487605e-02 -1.79019055e+00
 -2.34173592e+00 -1.65202115e+00
 1.46325186e-01 -1.36268347e+00
 1.35762735e+00 -1.45438026e+00
 -8.31093083e-01 -1.46387548e+00
 -1.24211752e+00 -2.90881827e+00
 -2.52437479e+00 1.09987905e-02
 -6.52097589e-01 -1.58119155e+00
 1.26831434e+00 1.46243858e+00
 -1.85711601e+00 -1.85613370e+00
 -1.01691369e+00 -3.00570573e+00
 3.28589372e-01 -7.76679467e-01
 -1.01006699e+00 -1.95924868e+00
 -1.84791219e+00 -1.83120137e+00
 -5.56579042e-01 -2.71919624e+00
 -1.32097540e+00 -2.37671642e+00
 -5.40529503e-02 -1.74064082e+00
 -1.28851559e+00 -1.37589110e+00
 -2.00500984e+00 -1.45787232e+00
 -6.03675872e-01 -1.36148066e+00
 8.60242119e-01 1.48328474e+00
 -2.03248853e-01 -2.10852702e+00
 -2.19420773e+00 6.73256435e-01
 -1.97303250e+00 -1.47389592e+00
 -1.99292155e+00 -1.60469856e+00
 -6.93697540e-01 -1.78998782e+00
 -6.29842997e-01 1.05451750e-01
 -1.83809698e+00 -1.38183104e+00
 -4.10625266e-01 -6.46674287e-01
 -1.24170646e+00 -3.65300748e-01
 -2.62081687e+00 -3.68059015e-01
 1.98967643e-01 9.54338856e-01
 -2.34976473e+00 -1.01501531e+00
 -1.16457038e+00 8.35521039e-01
 -2.46762529e+00 -7.42770020e-01
 -5.37985964e-01 -1.92381590e+00
 -8.85637740e-01 -6.43953050e-01
 9.90306419e-02 -1.85851150e+00
 -1.71029682e+00 3.65783464e-01
 -1.21960192e+00 7.83618602e-01
 5.82167709e-01 -2.34202506e+00
 5.46741919e-01 -3.54269247e+00
 -2.63623725e-01 1.19332215e-01
 -9.14878286e-01 -2.15783930e+00
 -6.92447960e-01 -1.94394241e-01
 -5.11505045e-01 -1.64069300e+00
 -1.21468097e+00 -2.04529071e+00
 -1.34366197e+00 3.51334480e-01
 -1.52588104e+00 -2.83841435e-01
 -3.08519588e+00 -5.73638927e-01
 -4.44213297e-01 5.40223737e-02
 -1.04263374e+00 -1.35201654e+00
 -1.58853061e+00 6.54709444e-02
 -1.37416204e+00 -2.14247663e+00
 2.24045925e+00 -2.45027370e+00
 -1.10634524e+00 -1.11261635e+00
 -4.50026665e-01 -2.66753670e-01
 -1.09609672e+00 -1.96527615e+00
 -2.45887068e+00 -2.02396127e+00
 -3.54886513e+00 3.10324294e-02
 -1.63114096e+00 5.75880364e-01
 -2.26350541e-01 -1.42848933e-01
 -2.63781385e+00 -4.55721180e-01
 -5.85431443e-01 -2.04582293e+00
 -2.17567254e+00 -2.34561818e+00
 -6.55714671e-01 6.07874047e-01
 -1.27358299e+00 -1.84386329e-01
 -4.89278676e-01 -5.49070376e-01
 -1.92467290e+00 -6.41438625e-02
 5.23751718e-01 -4.76911006e+00
 -2.64437875e-01 -2.48418638e+00
 -2.37242937e+00 -7.89453422e-01
 -7.25834257e-01 1.57490445e-01
 -1.43939303e+00 1.10514209e-01
 -4.19634562e-01 -1.01819999e-01
 -1.35893647e+00 -2.67205235e+00
 -1.71136986e+00 -1.29951866e+00
 -1.62630246e+00 -1.99331367e+00
 -2.83174179e+00 -3.63435884e-01
 6.40405573e-02 -2.88978756e+00
 -9.76228703e-01 -9.34369918e-01
 4.05125107e-01 -3.87595357e-01
 -7.37316289e-01 -3.43328597e+00
 -1.18513838e+00 -2.22156083e-01
 -3.32523223e-01 -1.15037484e+00
 5.55693630e-01 -3.33039311e+00
 3.23606167e-01 -2.36425765e+00
 -1.39691761e+00 -1.79432492e+00
 -2.16061500e+00 -1.22155742e+00
 -1.22667402e+00 -1.09655881e+00
 -1.81120789e+00 2.56787948e-01
 -1.13018208e+00 -2.60731594e+00
 -1.69456695e+00 -1.59213234e+00
 3.70181768e-01 -2.16292253e+00
 -2.50113090e-01 7.11151350e-02
 -1.46267935e+00 -9.89601495e-01
 -1.70937361e+00 -7.09670921e-01
 -1.47436666e+00 -6.12373080e-01
 -4.17675835e-01 2.32403512e-01
 1.75688708e-01 -3.25636468e+00
 -1.39855100e+00 4.47390666e-01
 -3.50055450e-01 -1.03709727e+00
 -1.98480792e+00 -7.38577423e-01
 -7.26819664e-01 -1.77986160e+00
 -2.87484778e+00 -1.10014674e+00
 -2.66536959e+00 -7.08390457e-01
 -4.47627274e-01 -2.00393200e+00
 -1.80112800e+00 -2.09529110e+00
 -1.17873977e+00 -1.49574436e-01
 -3.94136084e-01 6.98782175e-01
 2.34930917e-01 -1.94428732e+00
 -5.64024766e-01 3.20392321e-01
 -8.49978584e-01 -4.09471840e+00
 -1.08222192e+00 -2.02175521e+00
 -1.20926099e+00 -1.31512520e+00
 -1.65896741e+00 -1.01843484e+00
 -1.60227694e+00 2.00001927e-02
 -7.47888370e-01 2.20902506e-01
 -2.27669118e+00 -1.08280237e+00
 -2.07775656e+00 -6.45260912e-02
 -4.76055310e-01 -2.86951442e-01
 4.16444125e-01 -1.08977516e+00
 1.16207673e+00 -3.39177201e+00
 -3.22413152e+00 -5.87332986e-01
 7.28643279e-02 6.06311354e-01
 -4.53094335e-01 -7.74614789e-01
 -1.11165430e+00 2.54740776e-01
 -6.30381637e-01 -7.76907613e-01
 -1.28540371e+00 -1.27897796e+00
 -1.20239845e+00 -1.57402429e+00
 6.58360922e-01 -1.79595175e+00
 1.17451379e-01 -1.98184830e+00
 -1.65042389e+00 -5.46531843e-01
 -6.15936470e-01 -3.39328683e-01
 -5.56970397e-01 -1.11285732e+00
 -1.26298560e-02 -1.21438658e+00
 -6.99476446e-01 1.20336546e+00
 3.05917269e-01 2.31545398e-02
 3.30188212e-01 -1.60277495e-01
 -1.80002420e+00 -1.10960433e+00
 -1.65562150e+00 -1.60314393e+00
 -2.16751214e+00 -1.15133436e+00
 -1.21014570e+00 -9.29978625e-01
 -6.29503986e-01 -2.02766587e+00
 -2.03611886e+00 -1.27782087e+00
 -5.30384868e-01 -2.33818592e+00
 -1.57475299e+00 -2.30264735e+00
 -9.23795894e-01 -1.18215383e+00
 -3.48035445e-01 -5.58365391e-01
 -4.65737801e-01 2.19526917e-01
 -1.60091512e+00 -2.55393138e+00
 -1.59687691e+00 -1.72945467e+00
 -1.00345398e+00 -1.52432136e+00
 -8.01848215e-01 -2.30414253e+00
 -1.03109171e+00 -5.59024135e-01
 -1.10208177e+00 -1.59849707e+00
 -1.51012471e+00 -1.95940575e+00
 -1.36506882e+00 -1.38404160e+00
 -2.54863866e-02 1.28194699e+00
 -2.02638972e+00 -2.13122227e+00
 -1.34377388e+00 -1.58117542e+00
 -2.08472199e-01 -2.27279219e+00
 -1.36479222e+00 -5.16246165e-01
 -1.14128151e+00 -1.07076107e+00
 -1.93191877e+00 -1.77778111e+00
 -1.18976545e+00 2.91268304e-01
 -2.34043040e-01 4.03995647e-02
 -1.22775090e+00 -1.51971036e+00
 -1.51603466e+00 -1.21957575e+00
 -6.26362351e-01 -1.10235419e+00
 -1.41631932e+00 4.69051613e-01
 -6.36554857e-01 5.83281087e-01
 -1.98830822e+00 5.41489673e-02
 -1.64897067e+00 -1.30889201e+00
 -7.49004204e-01 8.87013859e-01
 -4.73810720e-01 5.21048799e-01
 -4.62398844e-01 -2.25950659e+00
 -1.29449046e+00 -1.21811568e-01
 -1.48238887e+00 -5.84235049e-01
 5.35455029e-01 1.49675943e+00
 -1.08122189e+00 -1.31111897e+00
 -1.32389860e+00 -2.18459826e+00
 2.61874132e-02 -8.06523740e-01
 -5.69022145e-01 -1.25778990e+00
 -1.17236688e+00 -1.98431199e+00
 -5.61640747e-01 -2.24185104e+00
 -1.77775297e+00 6.77357348e-01
 -1.50331371e+00 -4.30438583e-01
 -1.93445337e+00 9.75479050e-01
 -1.38570069e+00 -2.44824180e+00
 -1.29144513e+00 -5.09628443e-01
 1.69377245e-01 -2.71502030e+00
 -1.11971857e+00 3.75115038e-01
 -2.33124538e+00 -1.61953795e+00
 -6.74860216e-01 -8.48289389e-01
 -1.67771887e+00 -1.19446532e+00
 9.71472791e-02 3.49547079e-01
 -1.73831797e+00 -9.35111466e-01
 5.00192077e-01 -8.11903770e-01
 -7.59177050e-01 -6.64377510e-01
 5.08993538e-01 -1.55695344e+00
 -7.02615039e-01 -6.69766907e-03
 -1.32335120e+00 8.61279099e-01
 -1.27582298e+00 -2.10519299e+00
 -1.12386877e+00 -2.94064581e+00
 -1.31385790e+00 -8.29161212e-01
 2.27764679e-01 -3.05601083e+00
 -1.78793093e+00 -1.84673458e+00
 -3.69976712e-01 -7.32885682e-01
 -1.63176971e+00 -1.32935660e+00
 2.19501791e+00 2.03459268e+00
 8.49981829e-01 -3.84033589e-02
 6.64336839e-01 1.78322860e+00
 -6.33759491e-02 -3.72557336e-01
 1.16334838e+00 1.79674328e+00
 -2.08716353e-01 6.55582841e-02
 2.58903899e-01 2.33737107e+00
 7.34642961e-01 1.32198140e+00
 2.25309435e-01 1.94727300e+00
 1.05473230e+00 -6.90837905e-01
 -1.98304546e+00 1.17834386e+00
 -3.88719689e-03 1.65631498e+00
 3.24852312e-01 -2.46447936e-01
 1.10982585e+00 6.54662742e-01
 1.05163118e+00 1.25477304e+00
 -7.84653168e-01 1.01367097e+00
 2.86334952e+00 1.17648794e+00
 1.13841326e+00 2.70433417e-01
 2.44710718e-01 1.92676485e+00
 1.45081580e+00 2.49491986e+00
 -3.93301673e-01 1.46327908e+00
 -5.45838591e-01 1.36896215e+00
 2.99870608e+00 1.23626129e+00
 1.15196107e+00 2.15980568e+00
 -2.61588516e-01 2.98237406e-02
 1.11066153e+00 2.07716087e+00
 -1.23700096e-01 8.80611150e-01
 2.90131376e-01 5.51652155e-01
 7.14002052e-02 2.21234540e+00
 8.95591845e-01 9.61435148e-01
 1.02039126e+00 -1.18665770e+00
 1.42319858e+00 2.40740196e+00
 -2.04175375e-01 1.57164485e+00
 2.50386050e+00 3.22161709e+00
 1.51163440e+00 7.97969611e-01
 2.84854314e+00 5.28192956e-01
 4.18764840e-01 1.58899275e-01
 1.65512640e+00 4.14277883e-01
 2.13704883e+00 1.79632324e+00
 2.57956808e+00 1.14110939e+00
 2.72548739e+00 2.66466880e+00
 7.67862622e-01 1.89634441e+00
 -3.14285321e-01 -7.20356639e-01
 9.60350798e-01 -1.02948462e-01
 1.74866669e+00 1.04988536e+00
 -7.64370189e-01 1.23235599e+00
 1.08133428e+00 5.46633605e-01
 2.56032345e+00 4.79099254e-01
 1.59437820e+00 -5.21021534e-01
 1.18710987e+00 1.75611299e+00
 2.05251775e+00 6.87057034e-01
 1.88739927e+00 -5.45352964e-01
 2.10885390e-01 -1.99650951e-01
 3.72312918e-02 3.68050258e-01
 1.48777330e-02 1.44829154e+00
 2.58966786e-03 5.66920542e-01
 2.22018655e+00 1.81150268e+00
 1.42949325e+00 1.11517560e+00
 1.82383218e+00 1.97576385e+00
 4.06761915e-01 -2.30218344e-02
 1.57700944e+00 1.61435961e+00
 7.51103040e-01 1.37472916e+00
 2.17289638e+00 4.34395130e-01
 7.00108131e-01 4.11177123e-01
 2.49664198e-02 -3.55696865e-02
 7.71877598e-01 9.87860855e-01
 1.80134639e-01 3.25791821e+00
 1.02659459e+00 5.94491489e-01
 1.76141530e+00 6.83923557e-01
 3.23846732e-01 6.44194538e-01
 6.72039183e-01 2.42745403e+00
 -8.49855180e-01 1.95281056e+00
 1.18077652e+00 1.28482349e+00
 8.09200617e-01 2.69818871e+00
 1.31987399e+00 9.69661237e-01
 -5.89210958e-01 1.35823896e+00
 1.82610984e+00 1.55068474e+00
 1.54286622e-01 1.43137315e+00
 1.40572530e-01 1.35722610e+00
 1.26699167e+00 1.10804392e+00
 1.42999403e+00 2.47544005e+00
 4.51777453e-01 7.83450007e-02
 2.77174925e+00 1.25215857e+00
 5.52031104e-01 9.10225222e-01
 2.67586435e+00 2.14949560e+00
 7.01612643e-01 1.66830806e+00
 2.18511236e+00 3.18070346e+00
 2.26217858e+00 8.80020907e-01
 1.67813406e+00 -8.09721570e-02
 1.26332361e+00 -9.28286944e-02
 1.38270018e+00 1.68500005e+00
 3.78156686e-01 2.33459715e+00
 5.37318922e-01 1.30477516e+00
 1.65819390e+00 -1.00146695e+00
 1.38329614e+00 2.17444092e+00
 2.29728418e-01 1.64227524e+00
 8.86752744e-01 7.35674036e-01
 2.07361907e+00 1.55128578e+00
 8.79701690e-01 2.35632417e+00
 1.39796269e+00 1.27900900e+00
 9.88273660e-01 6.59465272e-02
 1.00641064e+00 2.95305043e-01
 1.49597402e+00 -2.83657511e-01
 4.47323813e-01 1.78804320e+00
 8.01517564e-01 7.75713003e-01
 2.69460364e-01 2.05028536e+00
 6.10654854e-01 -5.85130203e-01
 -1.18841801e-01 1.71368028e+00
 8.15743461e-02 1.72543191e+00
 1.96696368e+00 -2.66276149e-01
 2.63082063e+00 2.43295310e+00
 1.03415237e+00 8.14493773e-01
 1.26023325e+00 1.37548795e+00
 4.56587898e-01 9.46522625e-01
 6.29205354e-01 -2.15314036e-01
 1.45551879e+00 1.22797455e-01
 1.54537945e+00 1.17844210e+00
 1.49719028e+00 1.01063682e+00
 1.30915764e+00 -4.29237074e-01
 -7.05466492e-01 7.81315265e-01
 3.17593395e-02 1.61487452e+00
 1.31627463e+00 -7.49347650e-01
 7.57287997e-01 -1.04935722e-01
 8.50405392e-01 7.75007405e-01
 -7.95896043e-01 6.20990902e-01
 5.09639360e-01 4.85157119e-01
 2.16308748e+00 -1.44666854e+00
 2.30990907e+00 7.68191474e-01
 1.07771478e+00 2.03675496e+00
 1.66683965e+00 1.59056850e-01
 -2.89410811e-01 1.65591260e+00
 -1.52356124e-01 -5.25639983e-01
 1.73875339e+00 2.04013627e+00
 4.92809051e-01 8.36638862e-01
 1.82000521e+00 3.22729258e+00
 2.36406178e+00 1.92907249e+00
 7.69727881e-01 2.10682200e+00
 5.01052728e-01 1.06155020e+00
 6.54637662e-01 1.42010675e+00
 4.85346212e-02 6.06636450e-01
 -4.34862627e-01 2.34545027e+00
 1.22401737e+00 1.59322870e+00
 3.78943771e-02 2.02684656e+00
 1.06947812e-01 -1.18255442e-01
 2.28086387e-02 2.12710572e-01
 3.09588268e-02 1.32265205e+00
 -3.45300384e-02 7.64423805e-01
 8.63930339e-01 1.55560695e-01
 3.13818136e+00 1.89397061e+00
 1.66840907e+00 2.60654531e+00
 1.55576967e+00 7.17127329e-01
 2.21683359e+00 2.19362952e+00
 1.15689252e+00 1.10368198e+00
 6.64261390e-01 2.80347731e+00
 -9.31431576e-01 1.44322172e+00
 7.01908315e-01 1.08804220e+00
 1.68461619e+00 -5.49226857e-01
 1.33928244e+00 -1.46704184e+00
 1.94820713e+00 -4.74789552e-01
 1.16807853e+00 -2.54964961e-01
 1.63365146e+00 1.62513826e+00
 5.99525013e-02 1.26359181e+00
 7.90654228e-01 3.61103799e-01
 8.86357447e-01 1.19034455e+00
 -2.66791036e-01 1.76689791e-01
 1.62609536e+00 2.07193033e+00
 1.28882987e+00 1.18582974e+00
 1.33619325e+00 2.54052151e+00
 9.06794286e-01 1.90419129e+00
 -5.79066563e-01 -5.13163908e-01
 1.42050148e+00 5.50687637e-01
 1.17717428e+00 1.95025208e+00
 3.19456745e+00 7.78908912e-01
 -9.68437365e-01 7.27047097e-01
 1.20506430e+00 5.20803348e-01
 -1.23015878e-01 3.21241907e+00
 5.94764346e-01 1.60574576e+00
 -1.58862213e-01 1.02592768e+00
 -7.07197220e-04 1.39342180e+00
 2.46911649e+00 8.49375319e-01
 -4.13370287e-01 1.21492105e+00
 6.64981111e-01 2.90243720e-01
 -3.34827634e-02 1.87126404e+00
 1.67348962e+00 2.46473656e+00
 8.31797169e-01 -4.79559804e-02
 4.06953341e-01 -7.32103828e-02
 4.74241066e-01 6.72796015e-01
 -9.83375987e-01 1.46622007e-01
 6.40341348e-01 1.33243409e-01
 2.08911170e+00 2.58943451e+00
 -4.57784993e-01 1.11708527e+00
 1.89224869e+00 1.42950676e+00
 1.43916364e+00 8.89140597e-01
 -4.87083998e-01 1.24705622e+00
 1.36423705e+00 1.69156838e+00
 -3.02999048e-01 2.24943643e+00
 1.52521669e+00 3.58629392e+00
 9.70866131e-01 1.91638634e+00
 8.22116180e-01 9.19074407e-01
 1.01901060e+00 2.20608150e+00
 -1.75766678e-01 7.57616103e-01
 1.56375887e+00 1.20472086e+00
 -7.64530494e-02 8.07701785e-01
 4.87786248e-01 -5.74583427e-01
 4.30035852e-01 9.64779143e-01
 -6.66050753e-02 1.93336937e+00
 1.37224665e+00 2.25794340e+00
 1.83429756e-01 1.57813221e+00
 4.27461474e-01 1.64694619e+00
 -2.21909776e-01 2.30547660e+00
 6.07505217e-02 1.89575087e+00
 4.04102842e-01 1.88008839e+00
 -2.70179007e-01 6.28611786e-01
 -9.00675316e-01 8.46205680e-01
 -4.47559484e-02 -5.16767621e-02
 3.81520475e-02 5.82543208e-01
 8.04407802e-01 -4.85738362e-01
 5.23714895e-01 1.98166654e+00
 1.46398206e+00 1.45075962e+00
 1.28920039e+00 1.08594018e+00
 -5.40017999e-01 -6.70913147e-01
 1.35564884e-01 2.14816742e+00
 2.29520510e+00 1.00470651e-01
 1.11071689e+00 2.11188171e+00
 1.05689115e+00 1.44042350e+00
 2.02943316e-01 3.52663803e-01
 9.30156940e-01 1.82578933e+00
 2.63979187e+00 1.71716459e+00
 9.01007707e-01 1.17093384e+00
 1.41286044e+00 2.50471519e-01
 2.33094170e+00 2.03037755e+00
 1.05504066e+00 -8.31202681e-01
 1.44133828e+00 5.99593291e-01
 1.22565201e+00 3.80444769e+00
 2.33354895e+00 -9.57122558e-01
 -2.98896118e-01 1.55567375e-01
 -1.25144972e+00 -7.97813097e-02
 6.55164685e-01 2.55912754e-01
 1.16095517e+00 1.89894390e+00
 -4.07774595e-01 4.18996613e-01
 -3.54733152e-01 1.66821828e+00
 6.70315243e-03 1.15054734e+00
 1.20637737e+00 1.03916310e+00
 2.91112395e+00 6.91611570e-02
 -5.10914742e-01 1.27050889e+00
 -4.15219497e-01 1.41530517e+00
 9.23052862e-01 -4.23251275e-01
 2.22564898e+00 1.25895834e+00
 1.54464544e+00 -1.99574848e-01
 1.61853600e+00 6.14147231e-01
 -8.20891755e-01 -3.74132982e-02
 -3.78991937e-01 -1.59389065e-02
 2.45749706e+00 7.06445350e-01
 -6.75173737e-01 1.29348385e-02
 3.63918664e-01 2.00467725e+00
 1.04701112e+00 1.14634552e+00
 5.46044125e-01 5.28666620e-01
 1.02001842e+00 1.68180553e-01
 2.29487202e+00 2.66723431e+00
 3.88988457e+00 -4.38221377e-01
 2.24032943e+00 2.62528702e+00
 -2.59168316e-01 1.87385498e+00
 5.85388723e-01 7.48616491e-01
 2.42716279e+00 2.03402479e+00
 4.94086950e-01 1.78663516e+00
 1.28011662e-01 1.10200983e+00
 1.84310076e+00 1.45323377e+00
 -8.30227356e-01 3.32317136e+00
 -1.43527268e-01 1.75068729e+00
 1.49735379e+00 2.26648395e+00
 1.10735783e+00 -7.24182273e-01
 1.92170311e+00 2.22248694e+00
 2.15743333e+00 1.07805743e+00
 1.31292608e+00 1.07258556e+00
 1.51210401e+00 2.73477529e+00
 1.11336923e+00 1.21346921e+00
 1.17337087e+00 1.67189372e+00
 1.40436775e+00 1.47986471e+00
 1.34733514e+00 1.14470001e+00
 9.14266072e-01 -7.86950798e-01
 1.15277284e+00 1.57994552e+00
 -1.61372134e-01 7.26887667e-03
 1.98501178e+00 1.44511561e+00
 1.14517422e+00 2.32698431e+00
 1.74420117e+00 1.18054166e+00
 1.51090684e+00 -3.97028424e-01
 7.51407091e-01 3.77518425e-01
 -7.41620921e-01 7.87504320e-01
 1.06357032e+00 1.60379927e+00
 -2.31013353e-01 1.92312627e+00
 1.70963470e+00 7.53357011e-01
 4.19412169e-01 -9.62563331e-01
 1.23756520e+00 -5.16669321e-02
 1.07578465e+00 1.02672908e+00
 -7.99677223e-01 3.00436299e-01
 1.51634401e+00 1.85701547e+00
 3.05845734e+00 -7.77858638e-01
 -5.84960185e-01 4.80114505e-01
 1.78143660e+00 8.77561584e-01
 4.28009964e-01 2.25836396e+00
 2.16856692e+00 5.01526984e-01
 1.21565073e+00 1.17349121e+00
 1.18571747e+00 2.10194202e+00
 1.00031278e+00 2.19139709e-01
 2.10204390e+00 2.63967846e+00
 1.61827326e-01 1.56968127e+00
 1.48545233e+00 1.70547515e+00
 1.69669073e+00 1.58293336e+00
 -5.96848709e-01 -5.82335261e-01
 1.73499497e+00 1.50688135e-01
 1.84147277e+00 2.29027954e+00
 1.88469362e+00 2.82323085e-01
 1.96809743e+00 7.92326725e-01
 5.48732827e-01 1.82401960e+00
 1.10919704e+00 4.11781987e-01
 3.14866043e+00 1.92513393e+00
 -1.37710947e-01 -1.37812192e+00
 1.95890364e+00 -2.88596792e-01
 1.50366403e+00 -5.90243935e-01
 3.92281993e-02 -7.86947917e-01
 3.05989009e+00 1.03728894e+00
 7.71427340e-01 1.39646039e+00
 1.08707174e+00 -1.31234787e+00
 1.28015283e+00 1.05230327e+00
 6.83400900e-01 3.15944817e+00
 1.01962541e+00 1.35033001e+00
 -8.70817479e-01 -1.59202607e-02
 2.21569546e+00 7.56311025e-01
 -2.22512351e-01 4.81771543e-01
 1.03441492e-01 1.36854155e-01
 1.78033589e+00 2.70719617e+00
 -2.08814106e-02 5.35697691e-01
 -6.19517233e-01 1.22802674e-01
 1.23610033e+00 7.05769412e-01
 1.82316626e+00 2.76652483e+00
 2.02435643e+00 2.33101789e+00
 9.87181921e-01 2.21839964e-02
 1.32719279e+00 1.74055855e+00
 -1.59781296e-01 1.41769894e-01
 -1.23752008e+00 2.80296189e+00
 -7.65147278e-01 9.30695056e-01
 1.60703518e+00 -1.02004319e+00
 1.21794273e+00 1.87154063e+00
 4.41401596e-01 5.45917182e-01
 5.12294522e-01 4.60514089e-01
 8.61569586e-01 1.40104284e+00
 1.61045586e+00 -3.76299142e-01
 -9.09947291e-02 1.36472831e+00
 1.47675542e+00 1.70346122e+00
 -1.42504739e-01 2.71748377e+00
 2.77144054e+00 2.60546853e+00
 -8.07817500e-02 1.41346205e+00
 1.37998679e+00 1.89231944e+00
 1.09964901e+00 9.45489394e-01
 8.89400697e-01 2.73787274e+00
 1.09251266e+00 -6.55679486e-01
 5.50337339e-01 4.72647111e-01
 1.21754646e+00 1.47067617e-01
 6.62284299e-01 -1.32410898e+00
 9.32209778e-01 -9.01259969e-02
 1.78273237e+00 1.62401026e+00
 8.88589141e-01 5.93575305e-01
 2.01453525e+00 2.64613405e+00
 1.61278519e+00 1.55916517e+00
 -2.32203974e-01 5.07613215e-01
 -1.52403447e+00 -9.09882643e-01
 1.57816004e+00 -5.09945843e-01
 5.62983634e-01 2.17769452e+00
 2.35937573e+00 1.00199969e+00
 1.55351515e+00 2.47873382e+00
 7.65466453e-01 1.40495948e+00
 1.42225780e+00 1.50803582e+00
 8.64823176e-01 8.20278063e-01
 1.18283320e-01 -5.15582704e-01
 1.11423156e+00 1.49547281e+00
 2.84672967e-01 1.29748628e+00
 1.10314257e+00 7.88595753e-01
 1.42208193e+00 6.47724416e-01
 2.16521149e+00 2.23228946e-01
 9.73187705e-01 -1.37372036e+00
 1.68334658e+00 3.30296424e-01
 8.56495786e-01 6.40514490e-01
 1.10046987e+00 2.44393111e+00
 1.68063111e+00 9.34911331e-01
 1.39460250e+00 2.66070619e+00
 2.65527084e+00 1.68809459e+00
 1.25417693e+00 2.77227278e+00
 1.22602844e+00 2.02789515e+00
 -1.10489586e+00 9.80090610e-01
 5.68947545e-01 1.85935083e+00
 1.40471204e+00 -3.39516356e-01
 1.74669817e-01 -3.22788798e-01
 9.78141317e-01 7.54258491e-01
 6.62515179e-01 8.30846376e-01
 4.98608018e-02 1.83503525e+00
 7.86600886e-01 1.91862496e+00
 1.23046777e+00 1.21605934e+00
 1.48498307e+00 1.86984995e-01
 2.61717633e+00 7.64742867e-05
 5.32739806e-01 9.75362141e-01
 1.31526826e+00 -6.65989710e-01
 6.61217024e-01 2.36566039e+00
 3.22970134e+00 7.76213403e-01
 2.25665737e+00 8.53964213e-01
 -8.77248461e-01 5.64705806e-01
 -1.48219071e-01 2.06938214e+00
 -3.93873586e-01 1.31702782e+00
 -7.15520781e-01 -1.33280278e+00
 2.18721026e+00 8.12982983e-01
 2.54716113e+00 -3.80595909e-01
 5.65127704e-01 1.16331722e+00
 2.00906115e+00 -3.68745980e-01
 1.47305444e+00 2.68038625e+00
 1.10167207e+00 2.84906496e+00
 8.61908771e-01 8.40456813e-01
 1.00741118e+00 1.19090805e+00
 3.26591411e-01 1.01910684e+00
 2.03323090e+00 3.36297088e-01
 1.18486466e+00 1.12707589e+00
 1.57216817e+00 2.06771418e+00
 1.17807195e+00 9.37353322e-01
 8.63290364e-01 2.98020968e-01
 1.56263806e+00 1.95463765e-01
 3.89022104e-02 1.36356903e+00
 1.55332775e+00 7.24502050e-01
 1.32635722e+00 2.56781689e+00
 3.03105259e+00 3.23362442e+00
 1.79593505e+00 1.69763513e+00
 1.48876341e+00 1.24682557e+00
 2.35603675e+00 2.32320655e+00
 1.81982812e-01 1.33776830e+00
 1.83561041e+00 9.34071985e-01
 7.83866480e-01 1.68223519e+00
 -6.81036889e-01 1.04054615e+00
 1.37252862e+00 1.36318769e+00
 2.06727609e+00 2.19433358e-01
 5.80756284e-02 1.88774306e+00
 6.48418517e-01 -2.04977437e-01
 1.00445111e-01 2.07240091e+00
 2.65777254e+00 1.56478967e+00
 1.67777549e+00 1.68603190e+00
 5.05955502e-01 1.57523362e+00
 1.60090572e+00 2.52096414e+00
 7.55925161e-01 6.92669715e-02
 2.02026010e+00 2.38341193e-01
 1.67820227e+00 7.24860944e-01
 9.60002093e-01 9.42907812e-01
 3.82587478e-01 7.00759939e-01
 3.90307752e-01 -5.90725680e-01
 1.27254239e-01 1.84950425e+00
 3.17727429e-01 4.95673353e-02
 2.71246644e-01 1.73085219e+00
 3.05044598e+00 1.92763258e+00
 -8.88164186e-01 1.57409708e+00
 1.19541113e+00 -5.88530691e-01
 1.35317627e+00 9.20003573e-01
 7.56558893e-01 2.53284236e+00
 1.23132464e+00 2.81165333e-01
 1.63704087e+00 1.22778130e+00
 4.28215091e-01 -1.28599144e-01
 -5.54782515e-01 2.13642003e-01
 2.34076007e+00 6.08528520e-01
 1.26682994e+00 -2.68025971e-01
 9.76106541e-01 8.40442259e-01
 1.47968424e+00 9.65731545e-03
 9.71237629e-01 -6.64113443e-02
 5.94586233e-01 1.53271236e+00
 1.78956279e+00 4.90338183e-01
 9.65197815e-01 9.31446049e-01
 1.20195988e+00 -1.30754966e+00
 1.26165202e+00 2.52347712e-01
 -8.23483056e-02 3.54702116e+00
 8.46572671e-01 1.38541658e+00
 -1.39968016e+00 1.39974765e-01
 8.83313370e-01 1.98946752e+00
 1.59807805e+00 2.10783788e+00
 -1.35825692e+00 2.44334593e-01
 1.85621915e+00 1.88181623e+00
 4.85654476e-01 2.40481824e-01
 1.27160601e+00 -9.38228088e-01
 -2.97841064e-01 2.93938957e+00
 1.27190997e+00 2.23504287e+00
 2.32176765e+00 2.75485979e+00
 1.97668285e+00 2.19815097e+00
 2.03921213e+00 2.56481434e+00
 -2.84833021e-01 -3.52699727e-02
 -1.34206924e+00 2.74629504e+00
 5.89703961e-01 3.00793950e-01
 1.74716299e+00 -4.55827244e-01
 2.26595971e+00 8.83525138e-01
 6.46096792e-01 1.45879272e+00
 1.44952959e+00 4.85378183e-01
 8.44838371e-01 1.23781820e+00
 6.16248352e-01 -7.76505513e-02
 -1.11744892e+00 9.09881445e-01
 -2.16230983e-01 8.95091153e-01
 2.52940402e+00 2.10008457e+00
 5.98064740e-01 3.67090706e-01
 1.86472012e+00 1.06151943e+00
 3.83925611e-01 2.15861698e+00
 1.96552927e+00 2.57536463e-01
 4.53070335e-01 9.81116824e-01
 8.15793905e-03 1.55103043e+00
 4.08910635e-01 4.99259773e-01
 2.79802635e+00 2.30429414e+00
 -7.02084685e-01 7.41187242e-01
 1.54912365e+00 2.32599895e+00
 1.97306018e+00 1.52673021e+00
 2.21764024e+00 7.34261396e-01
 3.27744921e+00 -5.95417001e-01
 9.13180995e-02 1.07117165e+00
 1.15626575e+00 1.65104789e+00
 1.05723429e+00 1.08567538e+00
 3.43913051e-01 1.41865162e+00
 1.22959503e+00 1.39486477e+00
 3.73967884e-01 1.72121001e+00
 2.34643482e+00 1.80556080e+00
 2.62291855e-01 1.31396211e+00
 -1.98861724e-01 1.50103149e+00
 1.34523463e+00 5.59784372e-01
 7.25472132e-01 -4.81695716e-01
 6.40877525e-01 -4.27950059e-03
 -1.47897763e+00 7.34422388e-01
 -3.92418537e-01 2.18034342e+00
 2.13286481e+00 7.11493290e-01
 1.12346750e+00 7.28515831e-01
 -1.74259322e-01 1.43038340e-01
 1.38058703e+00 -3.23144481e-02
 7.48348636e-02 3.48181431e+00
 2.09411270e+00 -1.08996960e+00
 2.77996995e+00 2.12649629e+00
 2.43351414e+00 5.75680394e-01
 -7.67451923e-01 1.49276014e+00
 1.09236169e+00 -4.60136733e-01
 6.95596774e-01 1.84410235e+00
 1.49711553e+00 1.49150949e+00
 7.64333833e-02 1.02743373e+00
 2.54989216e-01 7.60584805e-01
 2.19180420e+00 -2.74562106e-02
 2.42525161e+00 1.29901609e+00
 1.74531370e+00 -4.75201276e-01
 1.83323488e+00 1.38841369e+00
 -4.66587660e-02 3.52002517e-01
 1.11702816e+00 1.39715188e+00
 4.88408437e-01 1.52261826e+00
 3.45639578e-01 -6.99329850e-02
 -4.96757255e-01 -2.36308413e-01
 2.28903270e+00 1.90283016e+00
 1.68509373e+00 3.07372220e-01
 4.55142537e-01 6.21849033e-01
 8.50515565e-01 1.83035657e+00
 1.03517916e+00 1.54104181e+00
 2.43447208e+00 9.70588751e-01
 1.42520705e+00 -2.90888406e-01
 1.76301671e+00 3.11949465e+00
 1.64457380e+00 1.79071507e+00
 2.45613032e-01 3.09530500e-02
 9.51787495e-01 -1.68000321e+00
 6.65523724e-01 8.82003803e-01
 6.83319203e-02 2.88461339e+00
 2.56113689e+00 1.46951883e+00
 1.22888271e+00 2.36610577e+00
 6.45419174e-01 1.23338052e+00
 1.75363595e-01 6.81139671e-01
 4.17256041e-01 4.74020061e-01
 -6.46305960e-01 1.30020610e+00
 1.53983767e-01 1.46455405e+00
 9.38727902e-01 1.30605318e+00
 1.63422646e+00 2.28645863e+00
 5.78593707e-01 2.02469814e+00
 -5.46016314e-01 1.76736185e+00
 1.64120095e+00 2.07170254e-01
 2.80757728e+00 1.67369804e+00
 5.76718017e-01 1.70977336e+00
 1.39692129e+00 1.59000805e-01
 -1.72862653e-01 5.10051215e-01
 1.32301986e+00 6.06745840e-01
 6.61720780e-01 1.58044186e+00
 1.54397814e+00 2.16306096e+00
 6.69120096e-02 1.14277977e+00
 2.57534138e+00 1.24873019e+00
 4.91566615e-02 5.08919903e-01
 1.51075061e+00 -6.31154098e-01
 1.98832044e-01 2.34754165e+00
 1.48770428e+00 -9.27322952e-02
 -1.73491100e-01 2.17291066e+00
 1.03724086e+00 9.31009579e-01
 3.69361137e-02 -4.72123451e-01
 8.51178365e-01 -1.36844374e-01
 5.48001762e-01 5.10998795e-01
 1.05943780e+00 5.40515719e-01
 1.53368651e+00 -1.29018162e-01
 1.36109681e+00 1.40524724e+00
 2.82179312e+00 1.57606144e+00
 1.01202648e+00 1.43288765e-01
 8.41147279e-01 1.96090218e+00
 -7.27954052e-02 1.64054410e+00
 8.32058972e-01 6.04550795e-01
 8.41908403e-01 9.51905244e-01
 2.29034959e+00 -1.54018476e-01
 1.58964213e+00 7.34229492e-01
 -3.86335404e-01 7.00667075e-01
 3.14708108e-01 1.46025584e+00
 2.14114103e-01 5.10319198e-01
 -5.75974922e-01 -1.37973325e+00
 2.54675225e+00 2.12972578e-01
 1.37624200e+00 1.81093208e+00
 1.17817216e+00 1.03166662e+00
 -4.44520860e-02 2.56925580e+00
 1.69398959e+00 3.52883868e+00
 2.01576871e-01 -3.44561427e-01
 1.60909986e+00 2.57275168e+00
 1.79783425e+00 1.83224759e+00
 1.07883457e+00 4.46546343e-01
 2.49790940e+00 6.10167695e-01
 1.62453441e+00 9.37507079e-01
 7.67197868e-01 7.89071520e-02
 2.22660898e-01 5.34981666e-01
 1.11553913e+00 3.53670772e+00
 -1.17171406e+00 2.79222632e+00
 1.42948436e+00 4.91462950e-01
 -7.66605598e-02 1.35702105e+00
 -3.78694227e-01 -8.37254996e-03
 8.69402344e-01 8.03740029e-03
 1.49931875e-01 3.31259961e+00
 1.66160878e-01 1.59413408e+00
 -2.60947775e-01 1.41781533e+00
 5.79698820e-01 9.56934579e-01
 8.86840025e-01 1.06901249e+00
 2.88490606e-01 -3.25869228e-02
 2.76999919e+00 2.50464836e+00
 1.54468068e+00 9.74920867e-01
 1.20182508e+00 1.88929752e+00
 -9.53514903e-01 3.22304611e+00
 -5.91413056e-01 1.18997113e+00
 1.43561334e+00 1.09361921e+00
 -2.17756957e-01 -1.23819683e+00
 5.24848191e-01 3.79874644e+00
 3.09905063e+00 -4.80200956e-01
 1.57735511e+00 1.51698669e+00
 1.62665976e+00 1.29080860e-01
 8.49587051e-01 1.44994037e+00
 1.33735732e+00 1.38439868e+00
 1.54864570e+00 9.64190118e-01
 1.48031308e+00 1.05080460e+00
 1.05049216e+00 1.28067397e+00
 -3.27681728e-01 -3.52029830e-01
 2.17488024e+00 1.19084006e-01
 1.20963941e+00 1.21235655e+00
 -6.89958453e-01 1.65356887e+00
 7.23375848e-01 -1.28213263e-01
 1.73436366e+00 8.15050321e-01
 2.07764956e-01 1.37338371e+00
 1.71953649e+00 -8.48851336e-01
 7.96849214e-01 9.76355836e-01
 1.47260919e+00 -2.26517653e-01
 9.96152081e-01 9.96886896e-01
 1.58848429e+00 1.30689246e+00
 1.41382205e+00 1.63417761e+00
 5.24905709e-01 1.08035812e-01
 1.55283959e+00 6.40532704e-01
 1.42703147e-01 5.06918156e-01
 1.52441771e-01 9.48814866e-01
 -5.25015276e-01 9.12232372e-01
 2.32653853e-01 1.85848853e-01
 2.42085755e+00 3.32303983e-01
 2.29033023e-01 1.21888520e+00
 -6.12570363e-01 1.50461666e+00
 -2.59389084e-01 1.37183111e+00
 4.37939945e-03 2.25669533e+00
 1.66458872e+00 1.89663148e+00
 2.27614349e+00 5.74180641e-01
 1.53999288e+00 3.52115709e+00
 2.38626786e+00 1.71068946e+00
 2.90081662e+00 3.40599887e-01
 1.21196847e+00 1.63092475e+00
 8.20964914e-01 4.22834768e-01
 -8.39520159e-02 1.57421916e+00
 6.89999075e-01 -8.11222299e-01
 2.03855345e+00 1.79323957e+00
 5.59645717e-01 2.98187665e+00
 1.21286772e+00 1.01527190e+00
 2.22887544e+00 -1.69976342e-01
 1.49431963e+00 7.87475628e-01
 1.89640215e+00 2.82361947e+00
 1.21080323e+00 4.15505750e-01
 2.07833193e+00 2.14975729e+00
 2.48537238e+00 3.04250010e-01
 4.02559299e-01 1.65093898e+00
 1.89974969e-01 1.16375749e+00
 2.19618733e+00 1.28295821e+00
 9.85614393e-01 -6.28063124e-02
 1.92075534e+00 1.76989863e+00
 1.01054845e+00 -3.63796453e-01
 1.36585146e+00 -1.89101692e-01
 2.25063281e+00 1.17479938e+00
 4.89331361e-01 3.92667336e-01
 1.33897454e+00 1.68494146e+00
 2.26175101e+00 2.04359820e+00
 2.27680490e+00 1.37268574e+00
 8.86249691e-01 1.42655800e+00
 -3.38347234e-01 2.02818282e+00
 1.25410734e+00 1.60400470e+00
 1.81290405e+00 -2.47214075e-01
 8.61388518e-01 1.46615588e+00
 -2.49050721e-01 3.67060682e+00
 5.04276057e-02 1.00386807e+00
 2.59847869e+00 1.47435915e+00
 2.16828543e-01 8.29317785e-01
 2.34671450e+00 -7.21834760e-01
 1.36407323e+00 2.28685677e+00
 3.06476085e+00 1.32376636e+00
 7.63031727e-01 1.19342868e+00
 8.87218754e-01 1.73316813e+00
 8.94650581e-01 2.95618676e+00
 8.71575308e-01 2.58626327e+00
 1.13776778e+00 2.50534677e+00
 2.23097846e-01 1.51139708e+00
 5.04882167e-01 6.31525379e-01
 1.22029601e+00 7.87091950e-01
 -4.07537922e-01 1.34593547e+00
 -3.47359552e-01 8.59159775e-01
 1.97999206e+00 -4.53118600e-01
 4.77136880e-01 1.12545536e-01
 5.55832729e-01 4.63640547e-01
 1.13353618e+00 5.31853078e-01
 2.38753137e+00 -1.38228810e-01
 9.29840570e-03 1.27718829e+00
 5.44393393e-02 1.09750847e+00
 1.73212536e+00 7.54293114e-01
 1.99119029e+00 3.57244169e-01
 -8.13504875e-02 3.65226026e+00
 7.94948192e-01 5.14478264e-01
 -8.56551613e-01 4.70553921e-02
 4.60672911e-01 5.29355719e-01
 1.38651172e+00 6.69240038e-01
 4.87603127e-01 1.63762385e-01
 1.50033276e+00 6.79938644e-01
 8.15313080e-01 1.33836932e+00
 1.94609036e-02 4.50458997e-01
 7.00405764e-01 1.34633793e+00
 3.70452300e-03 1.01755335e+00
 5.02201871e-02 1.17203167e+00
 7.04158559e-01 5.11672696e-02
 1.71388504e+00 1.20071512e+00
 -1.03905214e+00 -1.36540220e+00
 3.07155846e+00 1.21488928e-01
 1.23697069e+00 1.86417112e-01
 6.32867751e-02 2.53949978e+00
 1.33367199e+00 5.74335027e-02
 7.90997206e-02 6.51115385e-01
 5.81315221e-02 1.29728093e+00
 -1.92234545e-01 -3.74048282e-01
 1.14331457e+00 1.48978573e+00
 1.76874047e+00 1.29818443e+00
 7.20071868e-01 1.09674885e+00
 1.21912989e+00 2.09884740e+00
 1.86833228e+00 2.30196931e+00
 1.78823785e+00 8.55950886e-01
 9.45377511e-01 1.33486110e+00
 -2.40359456e-01 -1.21330759e-02
 8.28108046e-01 1.54778782e+00
 -2.75753579e-01 -1.10056890e+00
 1.77065083e+00 9.92216300e-01
 1.16749940e+00 3.68540931e-01
 1.46358118e+00 1.46742777e+00
 2.13906812e+00 -8.99546087e-02
 -3.44535486e-01 8.51286283e-01
 1.13731246e+00 4.79601931e-01
 2.07151443e+00 9.24326030e-01
 1.47034247e+00 1.79672762e+00
 2.65978440e-01 3.35518007e-01
 7.62408985e-01 -4.17115875e-01
 6.99313961e-01 9.17612300e-01
 1.76810194e+00 2.19489606e+00
 -2.82072973e-01 -3.67712513e-01
 1.63383686e+00 1.37490895e+00
 8.53117535e-01 2.77879847e-01
 1.04832498e+00 9.25690778e-01
 1.28250654e+00 1.82885443e+00
 2.28679073e+00 1.23972981e+00
 1.25031966e+00 1.45767614e+00
 2.12323771e+00 1.58350631e+00
 1.97123752e+00 2.26869772e+00
 -1.27603243e-01 -1.09485787e+00
 -7.84601295e-02 2.26240048e-01
 3.21185199e+00 1.34512062e+00
 1.13220510e+00 1.19941098e+00
 -1.28635044e-01 2.26888531e+00
 1.30635990e+00 1.77645507e-01
 9.23353932e-01 1.83053487e-01
 5.61339959e-01 1.14423633e+00
 5.15905516e-01 1.57174034e+00
 1.82173635e+00 5.03100697e-01
 2.46238606e+00 2.58789142e-01
 6.89006705e-01 2.54843336e+00
 8.08629558e-01 1.61979742e+00
 5.47880311e-01 1.38102038e+00
 1.26331888e+00 9.64775486e-01
 1.22835283e+00 2.99621247e+00
 -1.00376566e+00 1.43717893e-01
 2.47093004e+00 1.06566921e+00
 -4.99640139e-01 -9.51172706e-01
 1.67849768e+00 -4.92283163e-01
 1.99510152e-01 1.05932134e+00
 1.41829634e+00 8.34904402e-01
 -9.44593674e-02 1.50156714e+00
 -3.22713275e-01 1.69535856e+00
 2.42063621e+00 2.31090222e+00
 -8.45276650e-01 1.27177468e+00
 1.05970784e+00 2.90589869e+00
 1.82265412e+00 3.67280017e-01
 1.76369625e+00 8.84659969e-01
 1.70327515e+00 2.97657718e+00
 9.56864990e-01 2.76846163e-01
 1.25132714e+00 1.90681358e+00
 1.50266418e+00 1.82418460e+00
 -2.40753408e-01 2.09151993e+00
 5.42989599e-01 -7.70177201e-01
 1.15561437e+00 3.62681562e-01
 1.28942862e+00 1.17909194e+00
 -6.28301977e-02 -1.79598242e-01
 2.81620632e+00 1.75828422e+00
 1.00557962e+00 3.06068926e+00
 2.67246794e+00 -1.12408443e+00
 1.75307996e+00 3.59361485e-01
 1.66072589e+00 6.05981229e-01
 1.50026969e+00 -2.01107675e-01
 -1.00769586e+00 1.61000809e+00
 4.83474668e-01 2.63127189e+00
 1.51709194e+00 1.55632627e+00
 1.91537050e+00 2.14076518e+00
 -3.40741306e-02 1.10292563e-01
 1.62462318e-02 1.13381329e+00
 1.68556892e+00 2.75259189e+00
 5.88891889e-01 1.91777889e+00
 1.83101436e+00 1.84411265e+00
 9.41387171e-01 2.09979240e-01
 7.25392033e-01 1.11098154e+00
 9.20409089e-01 1.11197112e+00
 9.25915445e-02 -4.30200747e-01
 2.49788159e+00 2.38652530e+00
 7.78370399e-01 2.62985402e+00
 -4.05195471e-01 1.49197489e+00
 8.15540694e-01 1.38507768e+00
 1.01405731e+00 2.76612419e+00
 6.50768279e-01 2.28426129e+00
 2.11925113e+00 3.11312239e+00
 4.61701048e-01 -8.30641831e-01
 2.50367590e-01 8.22126286e-01
 1.33067635e+00 1.86063159e+00
 9.44582126e-01 2.55147357e+00
 2.24509603e+00 2.39957992e-01
 6.14299463e-01 4.91021551e-01
 1.39586812e+00 6.47468623e-01
 -5.47848049e-02 9.70825630e-02
 2.54605081e-01 2.82155271e-01
 1.51326990e+00 7.06645334e-01
 -8.99226273e-01 3.35374559e-01
 1.48404678e+00 1.71971105e+00
 4.64509972e-01 -1.62486976e+00
 5.55426620e-01 1.67602253e+00
 1.45348309e+00 1.29168769e+00
 1.55794015e+00 5.75808506e-01
 1.40573890e+00 2.08756035e+00
 9.73327389e-01 1.21964036e+00
 -2.84179956e-01 3.13947633e-01
 1.22973014e+00 1.49943067e+00
 1.19978543e+00 1.38679943e+00
 2.53357105e+00 3.10986435e-01
 5.44348059e-01 -1.57345164e+00
 2.08540767e+00 2.24229584e+00
 2.13546638e+00 1.11922846e+00
 1.32768145e+00 9.86833103e-01
 2.00726207e+00 6.08242178e-01
 1.69681795e+00 3.49841520e-01
 1.76001496e+00 3.25855887e+00
 1.41086961e+00 3.91829039e+00
 2.29105571e+00 4.18461874e-01
 2.52393036e-01 -8.12411511e-01
 3.55837361e-01 2.06310896e-02
 4.01912589e-01 9.84812339e-01
 1.09537060e-02 -3.40611979e-01
 5.80556267e-01 6.27148462e-02
 2.14632547e+00 8.35249383e-01
 1.52032302e+00 2.00762426e+00
 3.46024139e+00 1.09317840e+00
 2.14688975e-02 2.16844296e+00
 2.99588310e+00 8.76939454e-01
 2.35062289e+00 1.29766805e+00
 8.31565363e-01 4.36354931e-01
 8.82724910e-01 5.84368992e-01
 7.24128471e-01 2.17505705e+00
 7.27566116e-01 1.01244662e+00
 1.17823452e+00 1.79250035e+00
 -6.23396741e-01 1.16192650e+00
 1.57192583e+00 -2.44696899e-01
 7.63513137e-01 6.26481339e-01
 1.84694613e+00 1.17438634e+00
 1.66923190e+00 3.10428005e-01
 1.89338083e+00 6.27957591e-02
 2.99960185e-01 1.03866629e+00
 2.15019104e+00 -5.30874800e-01
 1.07948526e+00 6.30399983e-01
 1.32429771e+00 9.27914007e-01
 -4.76399670e-01 1.08600841e+00
 9.61401045e-01 -1.50464571e-01
 1.68426922e+00 -1.77821811e-01
 1.96947408e+00 2.29502937e-01
 9.76503449e-01 2.68485322e-01
 6.83108653e-01 1.23133393e+00
 7.96234869e-01 7.19946252e-01
 2.95002794e-01 2.62773217e+00
 9.60573785e-01 9.25353545e-01
 -4.54278908e-01 3.73540462e-01
 6.53378307e-01 -9.12795588e-02
 1.33325352e+00 7.98091846e-02
 1.98739142e+00 4.23343031e-01
 1.12119667e+00 -7.76451247e-01
 1.47632579e+00 7.90277527e-01
 2.16344404e+00 8.61190233e-01
 3.15326789e-01 1.53255871e+00
 7.75802022e-01 9.40849662e-01
 1.82441434e+00 1.85348110e+00
 -1.46614471e-01 3.88487546e-01
 5.35241574e-01 7.02931272e-01
 2.02441203e+00 -3.64490012e-01
 6.01285778e-01 2.69703861e+00
 5.70751240e-01 -8.28257193e-01
 1.28739878e+00 -8.31890197e-02
 1.66207384e+00 1.14419518e+00
 1.97962883e+00 1.30225171e+00
 8.04010315e-01 4.77918639e-01
 1.17806094e+00 -3.68473052e-01
 1.49057162e+00 1.52103400e-01
 -7.29768923e-02 2.56604650e-01
 -1.01193738e+00 1.49976239e+00
 1.82933470e+00 -1.33368303e+00
 1.01441987e+00 2.26853970e+00
 1.34228222e+00 1.24083360e+00
 2.41429516e+00 1.55028541e+00
 1.60281850e+00 -5.21105806e-02
 5.28931435e-01 2.18192330e-02
 1.70828037e+00 1.77581021e+00
 -1.44291705e-01 -8.43221730e-01
 1.30689685e+00 1.29933593e+00
 8.23568574e-01 1.15241246e+00
 2.49667912e+00 1.52024316e+00
 8.56865792e-01 9.53961630e-01
 1.24239644e+00 7.14369144e-01
 2.56363468e+00 3.79698975e+00
 -3.44301452e-01 2.00381966e+00
 1.88288824e-01 1.75721428e+00
 5.21660008e-01 2.08859963e+00
 2.43970242e+00 8.61386778e-01
 -1.06773793e-01 1.28555943e+00
 1.49313532e+00 1.87583252e+00
 1.69917047e+00 6.23278597e-01
 9.89255360e-01 1.68742364e+00
 1.35091317e+00 1.83983365e+00
 -4.64798005e-01 -8.68813573e-01
 1.91771223e+00 6.61046521e-02
 1.32466955e+00 1.06692357e-01
 2.40048615e-01 1.26568784e-01
 3.49804429e-01 1.24405010e+00
 1.79250311e+00 -6.00221758e-01
 7.88434483e-01 1.95445743e+00
 1.11386698e+00 4.70939064e-01
 1.06114368e+00 4.74727883e-01
 -6.84178148e-01 2.66839433e+00
 3.45843897e-01 2.31979300e-02
 9.24814511e-01 2.45498726e+00
 -2.85882644e-02 6.41591310e-01
 -1.61466110e-01 1.16130480e+00
 -1.54937531e-02 -6.00481395e-01
 1.02380418e+00 9.25059904e-01
 1.13149368e+00 2.25092721e+00
 2.05054215e+00 1.46684076e+00
 -4.89755713e-02 1.81878915e+00
 2.02742513e+00 1.11796929e+00
 1.02061888e+00 1.39532176e+00
 4.99045561e-02 -3.57486347e-01
 1.24255773e+00 1.02764886e-01
 5.20674717e-01 1.61601749e+00
 -6.90767913e-01 2.15143158e+00
 9.24065478e-01 2.54344775e+00
 1.57695973e+00 1.26663680e+00
 2.39817497e+00 1.07442117e+00
 1.00677593e+00 2.92750459e-01
 8.58449599e-01 2.80654783e-01
 1.19736473e+00 -4.40914486e-02
 2.18066574e+00 6.21486531e-01
 4.42907798e-01 4.27257126e-01
 1.20138410e+00 2.32480105e+00
 2.20608938e+00 -2.86456509e-01
 2.41367413e+00 1.01821474e+00
 8.31108969e-01 3.05388720e+00
 2.22168549e+00 6.92661821e-01
 2.28746561e+00 1.25191579e+00
 -9.15994852e-01 9.12732762e-01
