17783 65120 55488 32309 13976 28419 54834 4431 9760 37538 1044 41487 44673 45553 875 45917 41913 27628 243 19567 11605 41514 39703
29510 22689 29346 61993 36834 55121 52927 37720 29372 55136 29851 50973 38974 33528 55952 19856 23367 53403 16220 46922 24107 49525 14803
29266 42395 24618 1406 54408 59884 37574 57126 15327 64207 18257 1724 58731 7617 26225 27931 25042 38134 56929 34567 1431 32710 24475
40877 10670 14175 37739 45123 34982 56613 58076 14836 38030 23055 697 56584 15349 30729 34014 59406 22933 38373 2881 32880 34205 61506
7841 43313 39254 49846 2347 8988 58987 53789 37490 62906 31282 15946 1025 61089 47256 38563 52566 27305 30190 5034 22219 56591 62762
30650 3915 9729 38283 32969 23891 62444 30469 9862 32392 64295 56176 23643 50519 2356 58742 45537 38842 34352 10924 57909 56951 59137
63257 37852 32425 5153 45831 30117 37268 65044 31676 22186 38549 60045 13045 51172 33494 14633 13051 1095 15065 60602 51209 12433 14775
54538 13353 52866 39961 36753 31589 40616 62372 55628 22226 34399 61428 24641 35843 41825 13026 5865 6672 17672 16952 40806 24750 2406
58509 19324 24826 44975 23799 928 4876 60535 43363 28701 18148 47149 26791 8414 60458 11195 29310 49190 49803 55687 27083 39841 26121
42244 46932 35459 4349 17054 16559 21529 1532 59107 37735 44099 38799 33600 22444 15578 34792 13070 23414 44120 48494 16741 51003 63555
63641 62008 12857 2476 50455 25121 14107 42007 12940 31655 8769 30292 42292 29848 18950 13586 64137 10029 2322 63431 23086 44047 11135
64519 57386 46264 41646 62958 12293 16871 61615 2588 17028 30960 46722 19841 53656 51472 51862 27434 37624 57567 48710 43425 59179 26577
22107 33361 21029 20487 36136 45735 58974 27928 40073 46961 19383 11834 36182 50851 27466 29701 54565 20347 30628 58532 30550 23609 14613
37102 21741 27885 46885 42291 63604 6225 31933 50203 63638 55211 45799 38155 43934 47494 3802 34971 39264 41990 9495 41547 33903 14487
18623 41353 64256 9351 47866 262 58591 16812 58923 48705 5406 41737 65017 45828 41411 55932 27617 44479 2980 39082 25505 64279 61515
63268 36937 8470 62285 48628 29708 45947 7637 39373 38170 52112 64500 24184 31176 41619 54570 24964 2352 54499 36768 23498 21939 46723
30791 25440 10877 2206 14324 13783 7945 28524 47308 8721 14272 48350 9176 25487 44517 57828 48042 43527 21545 39966 17097 13332 53987
32138 23152 5050 30156 27630 49922 3042 55087 1077 59275 59975 22141 9804 26262 58845 51630 31207 58428 35630 53100 64299 50152 8599
24842 9309 34681 22779 9050 49290 33052 13162 19030 14076 20039 16490 6330 33142 47739 13740 3646 26218 19046 48116 23637 47801 15181
62304 28622 58323 60653 55803 11971 14727 52770 30277 58801 50037 3830 2404 39303 26380 903 44468 47850 11782 30269 16593 28148 1385
46419 41806 38508 10226 54637 7469 59193 22293 59704 53777 37065 27240 33843 33788 1708 62769 12344 19292 8139 45297 23558 33763 29896
30892 29087 9582 37764 43814 32933 13741 42091 55429 43343 29771 2439 61860 34268 45410 42819 50810 17084 7420 21124 53965 51633 48920
12580 18597 3959 27824 36155 39375 43838 5674 4142 50660 33883 5904 12982 46403 17676 48815 38091 36906 56313 17452 12427 20815 63045
2509 49754 17618 9383 38182 34913 31441 63600 5867 63413 65471 9093 64816 20005 19258 22887 14142 54161 37634 62490 5872 49225 63045
33927 34905 29487 31224 34257 41019 10595 54646 59008 5866 21739 16337 42395 29070 15014 59869 50056 2984 21236 31918 21513 58654 14317
59550 9030 50115 25412 17485 7386 28267 17982 7645 44505 37994 9355 7905 3884 16885 38803 14313 16996 5786 42626 41777 26990 19956
34470 22738 16766 48434 47839 10631 64635 49445 49531 30263 4982 61643 3840 53180 18749 32825 36575 33191 26652 51044 20675 52632 62282
6020 51295 19280 33827 59529 26043 46000 62391 43124 52213 39027 21381 42539 23305 33939 2642 26719 57577 20641 41253 44322 56288 1583
44657 57849 53989 33311 63613 4587 452 40865 35426 21935 29373 41092 58869 23744 25981 30273 17168 46376 22373 58808 50014 10418 22615
16618 48282 36098 22941 65208 16898 54293 42337 18257 21505 27467 64743 42006 38549 3405 17243 11324 7580 3498 43767 23124 23511 20275
63836 56373 40509 41932 17609 5267 49506 47836 17638 28459 45432 27556 17755 24263 59857 34339 37666 54727 46961 62254 55022 26892 11224
52944 7464 45240 9465 32389 4602 38132 36960 33276 58940 19747 44029 62736 38795 31697 15846 24104 33054 4708 7679 51933 42740 59146
51247 15226 23511 25252 6732 40874 36633 797 7734 2821 61266 24690 41599 33332 7414 31847 10051 30295 5151 3407 17645 60812 21496
65312 63316 49306 45983 24 44137 29372 40291 53319 64612 1132 13707 9216 61966 56380 45960 28187 36861 16792 60046 23174 51327 34048
25910 32880 57770 64367 3385 10818 34030 14888 22047 43224 36572 29718 2039 9775 33 10266 31820 6563 23871 11877 42262 40894 42328
21915 15996 37642 39624 20106 48919 40147 3688 49700 26690 46606 29234 21834 49440 33850 55030 10460 54717 47115 11080 7244 32394 54698
56875 59139 31559 47275 25774 48830 3547 3202 15780 6199 14279 3133 18426 19622 34689 39526 54024 63511 30323 44429 42107 10434 2292
14155 28674 45123 28339 4438 40803 39721 54246 56340 5896 47945 25755 51790 18287 56574 32404 63404 17278 30890 52524 59002 59062 64656
48567 58577 7061 48016 4032 50339 54632 826 26582 6559 52681 57898 6742 34235 43200 41629 54141 13283 50808 15116 38907 17475 37393
63701 32470 64290 38013 45949 42916 63412 10388 60275 7108 7409 17864 21706 18405 37687 33617 37703 51384 42917 25176 42752 39974 59524
42448 48272 15234 39802 29936 29180 34392 53040 22668 37712 4541 35905 27668 53721 21209 6259 16862 31130 36194 19592 1586 4526 32975
35966 38566 41436 34405 6937 5614 29332 61630 51049 35870 18900 6410 53355 48056 16483 19791 11906 48728 1315 50075 6361 48569 28210
